0.000
0.000
0.000
0.000
0.000
0.000
0.000
0.000
0.000
0.000
0.000
0.000
0.000
0.000
307.826
307.834
307.843
307.846
307.845
307.847
307.855
307.858
307.867
307.864
307.869
307.871
307.867
307.874
307.868
307.867
307.854
307.861
307.870
307.858
307.865
307.868
307.854
307.854
307.857
307.852
307.847
307.846
307.838
307.858
307.854
307.853
307.860
307.856
307.858
307.847
307.853
307.855
307.864
307.863
307.863
307.857
307.856
307.864
307.854
307.862
307.870
307.866
307.867
307.867
307.874
307.876
307.876
307.912
307.912
307.921
307.918
307.929
307.923
307.924
307.928
307.929
307.935
307.940
307.942
307.949
307.951
307.961
307.963
