305.371	7878.310
305.426	7851.059
305.419	7856.669
305.423	9963.130
305.423	9972.107
305.423	19795.640
305.423	8419.890
305.427	6802.440
305.424	5612.061
305.424	4889.430
305.424	2631.277
305.432	955.562
305.427	909.866
305.424	909.173
305.426	909.115
305.423	909.118
305.418	909.097
305.426	909.600
305.424	908.814
305.423	2944.701
305.424	2941.207
305.426	2943.409
305.422	2941.006
305.423	907.556
305.419	905.679
305.423	903.313
305.425	900.841
305.417	901.296
305.421	900.328
305.427	897.275
305.417	898.530
305.417	899.835
305.424	897.875
305.422	899.196
305.425	898.570
305.419	898.347
305.425	895.455
305.417	893.979
305.424	893.854
305.421	893.297
305.421	895.542
