0.000	4.427	4.753	-0.327
1.000	4.427	4.752	-0.326
2.000	4.427	4.752	-0.325
3.000	4.427	4.753	-0.326
4.000	4.427	4.754	-0.327
5.000	4.427	4.753	-0.327
6.000	4.427	4.753	-0.327
7.000	4.427	4.753	-0.326
8.000	4.427	4.753	-0.326
9.000	4.427	4.753	-0.326
10.000	4.427	4.753	-0.326
11.000	4.427	4.753	-0.326
12.000	4.427	4.753	-0.326
13.000	4.427	4.753	-0.326
14.000	4.427	4.753	-0.326
15.000	4.454	4.774	-0.320
16.000	4.469	4.799	-0.330
17.000	4.557	5.088	-0.532
18.000	4.658	5.671	-1.013
19.000	4.718	5.948	-1.230
20.000	4.816	14.707	-9.891
21.000	4.893	18.375	-13.482
22.000	4.967	20.488	-15.521
23.000	5.034	21.842	-16.808
24.000	5.163	24.621	-19.458
25.000	5.194	25.280	-20.086
26.000	5.210	25.671	-20.461
27.000	5.221	25.996	-20.776
28.000	5.225	25.700	-20.475
29.000	5.219	24.933	-19.714
30.000	5.211	24.303	-19.092
31.000	5.194	22.118	-16.925
32.000	5.163	17.226	-12.062
33.000	5.129	10.582	-5.454
34.000	5.098	7.094	-1.996
35.000	5.076	6.377	-1.301
36.000	5.060	6.160	-1.099
37.000	5.045	6.052	-1.007
38.000	5.034	5.992	-0.958
39.000	5.026	5.951	-0.925
40.000	5.021	5.928	-0.908
41.000	5.016	5.910	-0.894
42.000	5.012	5.895	-0.883
43.000	5.010	5.881	-0.872
44.000	4.987	5.728	-0.741
45.000	4.958	5.610	-0.653
46.000	4.936	5.577	-0.641
47.000	4.920	5.544	-0.623
48.000	4.908	5.516	-0.609
49.000	4.895	5.490	-0.595
50.000	4.964	5.906	-0.942
51.000	5.097	10.846	-5.749
52.000	5.183	15.884	-10.701
53.000	5.256	18.693	-13.437
54.000	5.323	20.521	-15.198
55.000	5.378	22.569	-17.191
56.000	5.421	25.366	-19.945
57.000	5.464	27.946	-22.482
58.000	5.501	29.871	-24.370
59.000	5.528	31.571	-26.043
60.000	5.548	33.107	-27.559
61.000	5.560	34.550	-28.990
62.000	5.567	35.914	-30.347
63.000	5.569	37.228	-31.659
64.000	5.567	38.484	-32.917
65.000	5.561	39.676	-34.115
66.000	5.551	40.799	-35.248
67.000	5.538	41.860	-36.322
68.000	5.523	42.877	-37.354
69.000	5.508	43.841	-38.334
70.000	5.492	44.775	-39.283
71.000	5.477	45.650	-40.173
72.000	5.461	46.502	-41.040
73.000	5.446	47.302	-41.856
74.000	5.432	48.081	-42.649
75.000	5.417	48.826	-43.409
76.000	5.403	49.547	-44.145
77.000	5.389	50.242	-44.853
78.000	5.376	50.904	-45.528
79.000	5.363	51.559	-46.196
80.000	5.350	52.184	-46.833
81.000	5.338	52.787	-47.449
82.000	5.326	53.389	-48.063
83.000	5.315	53.968	-48.653
84.000	5.304	54.526	-49.222
85.000	5.293	55.075	-49.782
86.000	5.283	55.601	-50.318
87.000	5.273	56.116	-50.843
88.000	5.263	56.605	-51.342
89.000	5.255	57.098	-51.842
90.000	5.247	57.572	-52.325
91.000	5.239	58.029	-52.791
92.000	5.231	58.472	-53.242
93.000	5.222	58.913	-53.690
94.000	5.213	59.341	-54.128
95.000	5.207	59.758	-54.550
96.000	5.200	60.155	-54.955
97.000	5.193	60.546	-55.354
98.000	5.184	60.938	-55.755
99.000	5.179	61.316	-56.137
100.000	5.170	61.678	-56.508
101.000	5.165	62.035	-56.870
102.000	5.157	62.385	-57.228
103.000	5.151	62.731	-57.580
104.000	5.146	63.074	-57.927
105.000	5.138	63.403	-58.265
106.000	5.132	63.736	-58.604
107.000	5.126	64.059	-58.934
108.000	5.120	64.369	-59.249
109.000	5.114	64.677	-59.563
110.000	5.108	64.987	-59.879
111.000	5.103	65.287	-60.185
112.000	5.097	65.585	-60.489
113.000	5.091	65.873	-60.782
114.000	5.088	66.161	-61.073
115.000	5.080	66.441	-61.361
116.000	5.075	66.755	-61.680
117.000	5.067	67.196	-62.128
118.000	5.058	67.811	-62.752
119.000	5.053	68.559	-63.506
120.000	5.050	69.406	-64.356
121.000	5.047	70.241	-65.194
122.000	5.043	71.076	-66.033
123.000	5.039	71.909	-66.870
124.000	5.035	72.726	-67.691
125.000	5.031	73.545	-68.514
126.000	5.027	74.340	-69.313
127.000	5.022	75.134	-70.111
128.000	5.018	75.910	-70.891
129.000	5.014	76.673	-71.659
130.000	5.010	77.437	-72.427
131.000	5.005	78.188	-73.182
132.000	5.001	78.906	-73.905
133.000	4.996	79.636	-74.639
134.000	4.992	80.347	-75.355
135.000	4.988	81.040	-76.053
136.000	4.983	81.736	-76.752
137.000	4.979	82.421	-77.441
138.000	4.975	83.094	-78.118
139.000	4.971	83.755	-78.784
140.000	4.967	84.409	-79.441
141.000	4.963	85.057	-80.093
142.000	4.960	85.688	-80.729
143.000	4.956	86.315	-81.359
144.000	4.952	86.935	-81.983
145.000	4.949	87.552	-82.603
146.000	4.945	88.155	-83.210
147.000	4.941	88.803	-83.862
148.000	4.937	89.398	-84.461
149.000	4.934	89.984	-85.051
150.000	4.930	90.562	-85.632
151.000	4.926	91.242	-86.316
152.000	4.922	92.060	-87.138
153.000	4.919	92.852	-87.933
154.000	4.916	93.669	-88.753
155.000	4.913	94.499	-89.586
156.000	4.910	95.329	-90.419
157.000	4.907	96.156	-91.250
158.000	4.904	96.980	-92.076
159.000	4.901	97.804	-92.904
160.000	4.897	98.613	-93.716
161.000	4.894	99.416	-94.522
162.000	4.891	100.213	-95.322
163.000	4.888	100.999	-96.111
164.000	4.885	101.782	-96.897
165.000	4.881	102.564	-97.682
166.000	4.878	103.337	-98.459
167.000	4.875	104.095	-99.220
168.000	4.872	104.834	-99.962
169.000	4.869	105.587	-100.718
170.000	4.866	106.336	-101.470
171.000	4.863	107.075	-102.212
172.000	4.860	107.796	-102.936
173.000	4.857	108.506	-103.649
174.000	4.854	109.214	-104.360
175.000	4.851	109.928	-105.077
176.000	4.848	110.631	-105.783
177.000	4.845	111.338	-106.493
178.000	4.841	112.352	-107.511
179.000	4.839	112.988	-108.149
180.000	4.836	113.640	-108.804
181.000	4.834	114.323	-109.489
182.000	4.831	115.009	-110.178
183.000	4.828	115.678	-110.850
184.000	4.826	116.345	-111.519
185.000	4.823	117.013	-112.190
186.000	4.821	117.676	-112.856
187.000	4.818	118.318	-113.500
188.000	4.815	118.956	-114.141
189.000	4.813	119.596	-114.783
190.000	4.810	120.222	-115.412
191.000	4.808	120.840	-116.032
192.000	4.805	121.471	-116.666
193.000	4.803	122.080	-117.277
194.000	4.800	122.686	-117.886
195.000	4.798	123.278	-118.480
196.000	4.795	123.891	-119.096
197.000	4.793	124.482	-119.689
198.000	4.790	125.067	-120.277
199.000	4.788	125.668	-120.880
200.000	4.785	126.255	-121.470
201.000	4.783	126.841	-122.058
202.000	4.780	127.396	-122.616
203.000	4.778	127.988	-123.210
204.000	4.776	128.541	-123.766
205.000	4.773	129.110	-124.337
206.000	4.771	129.674	-124.903
207.000	4.769	130.232	-125.463
208.000	4.766	130.783	-126.016
209.000	4.764	131.331	-126.567
210.000	4.762	131.874	-127.112
211.000	4.760	132.411	-127.651
212.000	4.757	132.948	-128.191
213.000	4.755	133.489	-128.734
214.000	4.753	134.031	-129.278
215.000	4.751	134.561	-129.810
216.000	4.748	135.083	-130.335
217.000	4.746	135.622	-130.876
218.000	4.744	136.129	-131.385
219.000	4.742	136.645	-131.903
220.000	4.739	137.163	-132.424
221.000	4.737	137.682	-132.945
222.000	4.735	138.197	-133.462
223.000	4.733	138.707	-133.974
224.000	4.731	139.212	-134.481
225.000	4.729	139.726	-134.997
226.000	4.727	140.220	-135.493
227.000	4.725	140.713	-135.988
228.000	4.723	141.196	-136.473
229.000	4.721	141.690	-136.969
230.000	4.719	142.179	-137.460
231.000	4.717	142.676	-137.959
232.000	4.714	143.168	-138.454
233.000	4.712	143.653	-138.941
234.000	4.710	144.133	-139.423
235.000	4.708	144.606	-139.898
236.000	4.706	145.076	-140.370
237.000	4.704	145.567	-140.863
238.000	4.702	146.011	-141.309
239.000	4.700	146.491	-141.791
240.000	4.698	146.946	-142.248
241.000	4.697	147.419	-142.723
242.000	4.695	147.893	-143.198
243.000	4.693	148.364	-143.671
244.000	4.691	148.824	-144.133
245.000	4.689	149.266	-144.577
246.000	4.688	149.727	-145.039
247.000	4.686	150.166	-145.480
248.000	4.684	150.622	-145.938
249.000	4.682	151.071	-146.389
250.000	4.681	151.523	-146.842
251.000	4.679	151.978	-147.299
252.000	4.677	152.419	-147.742
253.000	4.676	152.852	-148.176
254.000	4.674	153.291	-148.617
255.000	4.673	153.731	-149.058
256.000	4.671	154.155	-149.484
257.000	4.669	154.591	-149.922
258.000	4.668	155.007	-150.339
259.000	4.666	155.442	-150.776
260.000	4.665	155.879	-151.214
261.000	4.663	156.303	-151.640
262.000	4.662	156.725	-152.064
263.000	4.660	157.153	-152.493
264.000	4.658	157.572	-152.914
265.000	4.657	157.983	-153.326
266.000	4.655	158.405	-153.750
267.000	4.654	158.805	-154.151
268.000	4.652	159.216	-154.564
269.000	4.651	159.620	-154.969
270.000	4.649	160.038	-155.389
271.000	4.648	160.448	-155.800
272.000	4.646	160.851	-156.205
273.000	4.645	161.257	-156.612
274.000	4.643	161.660	-157.017
275.000	4.641	162.051	-157.409
276.000	4.640	162.449	-157.809
277.000	4.638	162.850	-158.212
278.000	4.637	163.241	-158.604
279.000	4.635	163.631	-158.996
280.000	4.634	164.011	-159.377
281.000	4.633	164.405	-159.772
282.000	4.631	164.790	-160.159
283.000	4.630	165.197	-160.567
284.000	4.628	165.566	-160.938
285.000	4.627	165.954	-161.327
286.000	4.625	166.338	-161.713
287.000	4.624	166.714	-162.090
288.000	4.622	167.086	-162.464
289.000	4.621	167.463	-162.842
290.000	4.620	167.838	-163.219
291.000	4.618	168.207	-163.589
292.000	4.617	168.582	-163.965
293.000	4.615	168.952	-164.337
294.000	4.614	169.307	-164.693
295.000	4.612	169.688	-165.076
296.000	4.611	170.062	-165.451
297.000	4.609	170.418	-165.809
298.000	4.608	170.787	-166.179
299.000	4.607	171.142	-166.535
300.000	4.605	171.508	-166.903
301.000	4.604	171.864	-167.260
302.000	4.603	172.226	-167.623
303.000	4.601	172.573	-167.972
304.000	4.600	172.919	-168.319
305.000	4.599	173.284	-168.685
306.000	4.598	173.618	-169.020
307.000	4.596	173.965	-169.369
308.000	4.595	174.310	-169.715
309.000	4.594	174.666	-170.072
310.000	4.593	175.017	-170.424
311.000	4.591	175.364	-170.773
312.000	4.590	175.701	-171.111
313.000	4.589	176.034	-171.445
314.000	4.588	176.377	-171.789
315.000	4.586	176.722	-172.136
316.000	4.585	177.052	-172.467
317.000	4.584	177.360	-172.776
318.000	4.583	177.709	-173.126
319.000	4.582	178.045	-173.463
320.000	4.581	178.377	-173.796
321.000	4.579	178.729	-174.150
322.000	4.578	179.036	-174.458
323.000	4.577	179.376	-174.799
324.000	4.576	179.710	-175.134
325.000	4.575	180.029	-175.454
326.000	4.574	180.343	-175.769
327.000	4.572	180.676	-176.104
328.000	4.571	181.000	-176.429
329.000	4.570	181.318	-176.748
330.000	4.569	181.624	-177.055
331.000	4.568	181.938	-177.370
332.000	4.567	182.245	-177.678
333.000	4.566	182.560	-177.994
334.000	4.565	182.895	-178.330
335.000	4.564	183.199	-178.636
336.000	4.562	183.511	-178.949
337.000	4.561	183.830	-179.269
338.000	4.560	184.123	-179.563
339.000	4.559	184.437	-179.878
340.000	4.558	184.747	-180.189
341.000	4.557	185.064	-180.507
342.000	4.556	185.368	-180.812
343.000	4.554	185.657	-181.103
344.000	4.553	185.966	-181.413
345.000	4.552	186.272	-181.720
346.000	4.551	186.564	-182.013
347.000	4.550	186.869	-182.319
348.000	4.549	187.148	-182.599
349.000	4.548	187.447	-182.899
350.000	4.547	187.742	-183.195
351.000	4.545	188.031	-183.486
352.000	4.544	188.331	-183.787
353.000	4.543	188.632	-184.089
354.000	4.542	188.902	-184.360
355.000	4.541	189.188	-184.647
356.000	4.540	189.479	-184.939
357.000	4.539	189.798	-185.259
358.000	4.537	190.088	-185.550
359.000	4.537	190.354	-185.818
360.000	4.535	190.645	-186.109
361.000	4.535	190.925	-186.390
362.000	4.534	191.214	-186.680
363.000	4.533	191.496	-186.963
364.000	4.532	191.760	-187.228
365.000	4.531	192.042	-187.511
366.000	4.529	192.307	-187.778
367.000	4.528	192.590	-188.062
368.000	4.527	192.880	-188.353
369.000	4.526	193.153	-188.627
370.000	4.525	193.416	-188.891
371.000	4.524	193.710	-189.186
372.000	4.524	193.971	-189.447
373.000	4.522	194.257	-189.735
374.000	4.521	194.521	-190.000
375.000	4.521	194.799	-190.278
376.000	4.520	195.069	-190.549
377.000	4.519	195.330	-190.811
378.000	4.518	195.619	-191.101
379.000	4.517	195.868	-191.351
380.000	4.516	196.131	-191.615
381.000	4.515	196.397	-191.882
382.000	4.514	196.647	-192.133
383.000	4.513	196.903	-192.390
384.000	4.512	197.173	-192.661
385.000	4.511	197.421	-192.909
386.000	4.511	197.684	-193.173
387.000	4.510	197.949	-193.439
388.000	4.509	198.204	-193.695
389.000	4.508	198.470	-193.962
390.000	4.507	198.722	-194.215
391.000	4.506	198.987	-194.481
392.000	4.505	199.229	-194.724
393.000	4.504	199.493	-194.989
394.000	4.503	199.731	-195.228
395.000	4.502	199.982	-195.480
396.000	4.502	200.249	-195.748
397.000	4.500	200.503	-196.002
398.000	4.500	200.765	-196.265
399.000	4.499	200.982	-196.483
400.000	4.498	201.228	-196.730
401.000	4.497	201.555	-197.058
402.000	4.496	201.796	-197.300
403.000	4.495	201.998	-197.502
404.000	4.495	202.238	-197.743
405.000	4.494	202.500	-198.006
406.000	4.492	202.775	-198.282
407.000	4.492	202.975	-198.483
408.000	4.496	203.085	-198.589
409.000	4.505	202.758	-198.253
410.000	4.514	202.331	-197.817
411.000	4.522	201.682	-197.160
412.000	4.527	200.746	-196.219
413.000	4.549	199.351	-194.802
414.000	4.634	197.780	-193.146
415.000	4.782	196.702	-191.920
416.000	4.956	195.758	-190.802
417.000	5.133	194.719	-189.586
418.000	5.295	193.684	-188.389
419.000	5.453	192.620	-187.167
420.000	5.602	191.567	-185.965
421.000	5.756	190.539	-184.783
422.000	5.905	189.535	-183.630
423.000	6.058	188.532	-182.474
424.000	6.205	187.560	-181.355
425.000	6.351	186.593	-180.242
426.000	6.493	185.667	-179.174
427.000	6.629	184.752	-178.123
428.000	6.766	183.837	-177.071
429.000	6.896	182.953	-176.057
430.000	7.026	182.060	-175.034
431.000	7.157	181.202	-174.045
432.000	7.286	180.354	-173.068
433.000	7.419	179.512	-172.093
434.000	7.548	178.675	-171.127
435.000	7.675	177.837	-170.162
436.000	7.804	177.047	-169.243
437.000	7.929	176.252	-168.323
438.000	8.049	175.477	-167.428
439.000	8.171	174.696	-166.525
440.000	8.283	173.880	-165.597
441.000	8.356	172.806	-164.450
442.000	8.465	171.881	-163.416
443.000	8.573	170.792	-162.219
444.000	8.692	169.729	-161.037
445.000	8.875	168.786	-159.911
446.000	9.075	167.918	-158.843
447.000	11.266	167.094	-155.828
448.000	11.270	166.337	-155.067
449.000	11.309	165.570	-154.261
450.000	11.376	164.823	-153.447
451.000	11.462	164.075	-152.613
452.000	11.562	163.368	-151.806
453.000	11.678	162.644	-150.966
454.000	11.802	161.961	-150.159
455.000	11.929	161.263	-149.334
456.000	12.059	160.572	-148.513
457.000	12.194	159.878	-147.684
458.000	12.326	159.202	-146.876
459.000	12.454	158.530	-146.076
460.000	12.577	157.864	-145.287
461.000	12.700	157.272	-144.572
462.000	12.816	156.539	-143.723
463.000	12.926	155.941	-143.015
464.000	13.027	155.280	-142.253
465.000	13.126	154.572	-141.446
466.000	13.220	153.930	-140.710
467.000	13.305	153.346	-140.041
468.000	13.385	152.709	-139.324
469.000	13.459	152.002	-138.543
470.000	13.528	151.366	-137.838
471.000	13.591	150.784	-137.193
472.000	13.653	150.154	-136.501
473.000	13.712	149.526	-135.814
474.000	13.768	148.903	-135.135
475.000	13.822	148.287	-134.466
476.000	13.872	147.602	-133.730
477.000	13.921	147.045	-133.124
478.000	13.967	146.356	-132.389
479.000	14.010	145.747	-131.737
480.000	14.052	145.137	-131.085
481.000	14.091	144.534	-130.442
482.000	14.128	143.998	-129.870
483.000	14.162	143.332	-129.169
484.000	14.195	142.734	-128.539
485.000	14.226	142.131	-127.905
486.000	14.256	141.589	-127.333
487.000	14.281	140.945	-126.664
488.000	14.304	140.412	-126.108
489.000	14.325	139.823	-125.498
490.000	14.343	139.235	-124.892
491.000	14.358	138.643	-124.285
492.000	14.371	138.053	-123.682
493.000	14.380	137.403	-123.023
494.000	14.387	136.886	-122.499
495.000	14.392	136.315	-121.923
496.000	14.393	135.742	-121.349
497.000	14.393	135.167	-120.775
498.000	14.390	134.591	-120.201
499.000	14.386	134.013	-119.627
500.000	14.379	133.440	-119.061
501.000	14.371	132.867	-118.496
502.000	14.360	132.306	-117.946
503.000	14.348	131.747	-117.399
504.000	14.334	131.183	-116.849
505.000	14.320	130.615	-116.295
506.000	14.303	130.053	-115.750
507.000	14.285	129.481	-115.196
508.000	14.265	128.916	-114.651
509.000	14.244	128.369	-114.125
510.000	14.221	127.808	-113.587
511.000	14.198	127.252	-113.054
512.000	14.172	126.696	-112.523
513.000	14.146	126.140	-111.994
514.000	14.119	125.575	-111.456
515.000	14.091	125.016	-110.925
516.000	14.063	124.467	-110.404
517.000	14.033	123.926	-109.893
518.000	14.003	123.374	-109.371
519.000	13.972	122.824	-108.852
520.000	13.939	122.268	-108.329
521.000	13.906	121.711	-107.805
522.000	13.873	121.162	-107.289
523.000	13.839	120.619	-106.780
524.000	13.804	120.070	-106.266
525.000	13.768	119.530	-105.762
526.000	13.731	118.988	-105.257
527.000	13.695	118.439	-104.744
528.000	13.657	117.891	-104.234
529.000	13.617	117.343	-103.726
530.000	13.579	116.797	-103.218
531.000	13.540	116.265	-102.725
532.000	13.501	115.732	-102.231
533.000	13.463	115.193	-101.730
534.000	13.424	114.654	-101.230
535.000	13.383	114.115	-100.732
536.000	13.342	113.566	-100.224
537.000	13.300	113.020	-99.721
538.000	13.258	112.489	-99.231
539.000	13.215	111.960	-98.745
540.000	13.172	111.422	-98.250
541.000	13.129	110.885	-97.756
542.000	13.087	110.351	-97.264
543.000	13.045	109.805	-96.760
544.000	13.003	109.265	-96.262
545.000	12.961	108.729	-95.767
546.000	12.919	108.200	-95.281
547.000	12.875	107.671	-94.796
548.000	12.833	107.135	-94.302
549.000	12.790	106.606	-93.816
550.000	12.746	106.069	-93.323
551.000	12.703	105.528	-92.825
552.000	12.660	104.987	-92.327
553.000	12.616	104.461	-91.845
554.000	12.572	103.937	-91.365
555.000	12.529	103.405	-90.876
556.000	12.487	102.874	-90.387
557.000	12.447	102.335	-89.888
558.000	12.404	101.803	-89.399
559.000	12.360	101.272	-88.912
560.000	12.317	100.744	-88.427
561.000	12.274	100.214	-87.940
562.000	12.230	99.686	-87.455
563.000	12.187	99.150	-86.963
564.000	12.146	98.621	-86.475
565.000	12.102	98.097	-85.994
566.000	12.060	97.567	-85.508
567.000	12.019	97.036	-85.017
568.000	11.979	96.502	-84.523
569.000	11.939	95.984	-84.045
570.000	11.899	95.454	-83.555
571.000	11.858	94.918	-83.060
572.000	11.819	94.395	-82.576
573.000	11.779	93.858	-82.079
574.000	11.739	93.335	-81.596
575.000	11.700	92.807	-81.107
576.000	11.661	92.276	-80.615
577.000	11.622	91.746	-80.124
578.000	11.584	91.216	-79.632
579.000	11.546	90.693	-79.147
580.000	11.510	90.162	-78.652
581.000	11.474	89.634	-78.160
582.000	11.437	89.097	-77.660
583.000	11.402	88.573	-77.172
584.000	11.366	88.046	-76.681
585.000	11.332	87.515	-76.183
586.000	11.296	86.987	-75.691
587.000	11.261	86.452	-75.190
588.000	11.229	85.919	-74.690
589.000	11.243	85.448	-74.205
590.000	11.365	85.268	-73.903
591.000	11.477	85.341	-73.864
592.000	11.573	85.617	-74.044
593.000	11.646	86.182	-74.536
594.000	11.687	86.922	-75.235
595.000	11.698	88.056	-76.358
596.000	11.682	88.812	-77.130
597.000	11.642	89.541	-77.899
598.000	11.582	90.360	-78.778
599.000	11.508	91.191	-79.683
600.000	11.423	92.007	-80.584
601.000	11.326	92.819	-81.492
602.000	11.221	93.600	-82.380
603.000	11.109	94.397	-83.288
604.000	10.996	95.202	-84.206
605.000	10.883	95.979	-85.097
606.000	10.768	96.755	-85.987
607.000	10.651	97.543	-86.892
608.000	10.537	98.295	-87.758
609.000	10.425	99.057	-88.632
610.000	10.314	99.814	-89.501
611.000	10.203	100.551	-90.348
612.000	10.096	101.294	-91.198
613.000	9.994	102.025	-92.031
614.000	9.892	102.751	-92.859
615.000	9.792	103.472	-93.680
616.000	9.692	104.172	-94.480
617.000	9.599	104.867	-95.268
618.000	9.508	105.577	-96.069
619.000	9.416	106.271	-96.855
620.000	9.326	106.961	-97.635
621.000	9.238	107.644	-98.407
622.000	9.155	108.315	-99.160
623.000	9.073	108.980	-99.907
624.000	8.993	109.655	-100.662
625.000	8.914	110.326	-101.412
626.000	8.837	110.988	-102.151
627.000	8.765	111.639	-102.874
628.000	8.694	112.285	-103.590
629.000	8.626	112.917	-104.291
630.000	8.558	113.564	-105.006
631.000	8.493	114.202	-105.709
632.000	8.430	114.838	-106.408
633.000	8.372	115.463	-107.091
634.000	8.314	116.084	-107.770
635.000	8.258	116.692	-108.434
636.000	8.204	117.307	-109.103
637.000	8.151	117.922	-109.771
638.000	8.099	118.530	-110.431
639.000	8.048	119.138	-111.090
640.000	8.002	119.731	-111.729
641.000	7.956	120.320	-112.364
642.000	7.911	120.900	-112.989
643.000	7.867	121.493	-113.626
644.000	7.824	122.087	-114.263
645.000	7.782	122.664	-114.883
646.000	7.740	123.240	-115.500
647.000	7.699	123.808	-116.109
648.000	7.658	124.374	-116.716
649.000	7.619	124.931	-117.312
650.000	7.582	125.497	-117.915
651.000	7.545	126.058	-118.513
652.000	7.508	126.618	-119.110
653.000	7.471	127.170	-119.699
654.000	7.434	127.716	-120.282
655.000	7.397	128.259	-120.862
656.000	7.360	128.794	-121.434
657.000	7.323	129.335	-122.012
658.000	7.286	129.877	-122.591
659.000	7.251	130.415	-123.164
660.000	7.215	130.949	-123.734
661.000	7.180	131.471	-124.291
662.000	7.144	131.994	-124.850
663.000	7.108	132.512	-125.404
664.000	7.073	133.028	-125.955
665.000	7.037	133.544	-126.507
666.000	7.003	134.059	-127.056
667.000	6.968	134.579	-127.611
668.000	6.934	135.082	-128.147
669.000	6.902	135.596	-128.694
670.000	6.871	136.299	-129.428
671.000	6.839	137.007	-130.168
672.000	6.809	137.458	-130.649
673.000	6.785	137.790	-131.005
674.000	6.771	137.714	-130.943
675.000	6.794	136.865	-130.071
676.000	7.011	135.799	-128.788
677.000	7.316	134.858	-127.542
678.000	7.657	134.029	-126.373
679.000	8.025	133.292	-125.267
680.000	8.414	132.618	-124.204
681.000	8.808	131.987	-123.179
682.000	12.330	131.367	-119.037
683.000	12.363	130.776	-118.413
684.000	12.417	130.188	-117.771
685.000	12.483	129.618	-117.135
686.000	12.556	129.042	-116.486
687.000	12.633	128.497	-115.864
688.000	12.709	127.945	-115.236
689.000	12.781	127.406	-114.625
690.000	12.848	126.860	-114.012
691.000	12.909	126.323	-113.414
692.000	12.963	125.776	-112.813
693.000	13.009	125.240	-112.231
694.000	13.050	124.702	-111.652
695.000	13.085	124.179	-111.094
696.000	13.114	123.647	-110.533
697.000	13.136	123.118	-109.982
698.000	13.153	122.582	-109.429
699.000	13.165	122.052	-108.887
700.000	13.171	121.511	-108.340
701.000	13.172	120.983	-107.811
702.000	13.170	120.460	-107.290
703.000	13.165	119.936	-106.772
704.000	13.157	119.415	-106.258
705.000	13.146	118.882	-105.736
706.000	13.133	118.362	-105.228
707.000	13.118	117.830	-104.712
708.000	13.102	117.297	-104.195
709.000	13.084	116.776	-103.692
710.000	13.066	116.259	-103.193
711.000	13.048	115.739	-102.691
712.000	13.030	115.215	-102.185
713.000	13.011	114.694	-101.683
714.000	12.991	114.169	-101.178
715.000	12.970	113.648	-100.678
716.000	12.948	113.118	-100.170
717.000	12.925	112.601	-99.677
718.000	12.902	112.086	-99.184
719.000	12.878	111.566	-98.688
720.000	12.853	111.047	-98.194
721.000	12.828	110.535	-97.707
722.000	12.801	110.014	-97.213
723.000	12.774	109.494	-96.720
724.000	12.746	108.966	-96.220
725.000	12.719	108.462	-95.743
726.000	12.691	107.947	-95.256
727.000	12.662	107.433	-94.771
728.000	12.633	106.920	-94.287
729.000	12.602	106.403	-93.800
730.000	12.572	105.885	-93.313
731.000	12.541	105.365	-92.824
732.000	12.511	104.848	-92.337
733.000	12.481	104.339	-91.858
734.000	12.451	103.830	-91.379
735.000	12.420	103.322	-90.902
736.000	12.389	102.808	-90.419
737.000	12.358	102.295	-89.936
738.000	12.327	101.779	-89.452
739.000	12.296	101.266	-88.970
740.000	12.265	100.776	-88.511
741.000	12.234	100.267	-88.033
742.000	12.201	99.755	-87.554
743.000	12.169	99.244	-87.075
744.000	12.137	98.733	-86.596
745.000	12.104	98.226	-86.122
746.000	12.071	97.716	-85.645
747.000	12.040	97.206	-85.166
748.000	12.007	96.692	-84.685
749.000	11.975	96.184	-84.209
750.000	11.943	95.680	-83.737
751.000	11.910	95.171	-83.260
752.000	11.879	94.660	-82.781
753.000	11.846	94.148	-82.302
754.000	11.813	93.641	-81.828
755.000	11.782	93.135	-81.354
756.000	11.750	92.624	-80.874
757.000	11.719	92.114	-80.395
758.000	11.686	91.601	-79.914
759.000	11.655	91.097	-79.442
760.000	11.623	90.587	-78.965
761.000	11.592	90.078	-78.486
762.000	11.562	89.570	-78.007
763.000	11.532	89.054	-77.522
764.000	11.502	88.548	-77.046
765.000	11.472	88.043	-76.570
766.000	11.442	87.534	-76.092
767.000	11.413	87.020	-75.608
768.000	11.383	86.507	-75.124
769.000	11.354	86.004	-74.650
770.000	11.324	85.498	-74.174
771.000	11.295	84.985	-73.690
772.000	11.265	84.472	-73.207
773.000	11.235	83.953	-72.718
774.000	11.206	83.449	-72.243
775.000	11.176	82.934	-71.758
776.000	11.147	82.423	-71.276
777.000	11.118	81.908	-70.790
778.000	11.089	81.389	-70.300
779.000	11.061	80.884	-69.823
780.000	11.034	80.371	-69.338
781.000	11.007	79.855	-68.848
782.000	11.010	79.366	-68.355
783.000	11.139	79.201	-68.062
784.000	11.258	79.247	-67.989
785.000	11.358	79.496	-68.138
786.000	11.435	79.847	-68.412
787.000	11.487	80.234	-68.748
788.000	11.514	80.642	-69.128
789.000	11.516	81.074	-69.558
790.000	11.498	81.528	-70.030
791.000	11.460	82.006	-70.546
792.000	11.406	82.490	-71.084
793.000	11.338	82.974	-71.636
794.000	11.259	83.456	-72.197
795.000	11.171	83.934	-72.763
796.000	11.076	84.420	-73.344
797.000	10.979	84.903	-73.924
798.000	10.879	85.384	-74.504
799.000	10.776	85.857	-75.081
800.000	10.672	86.325	-75.654
801.000	10.568	86.795	-76.227
802.000	10.466	87.262	-76.796
803.000	10.364	87.725	-77.361
804.000	10.263	88.183	-77.920
805.000	10.162	88.631	-78.468
806.000	10.067	89.078	-79.011
807.000	9.974	89.528	-79.555
808.000	9.881	89.969	-80.088
809.000	9.788	90.408	-80.620
810.000	9.697	90.839	-81.142
811.000	9.612	91.266	-81.654
812.000	9.527	91.688	-82.160
813.000	9.444	92.116	-82.673
814.000	9.360	92.534	-83.174
815.000	9.278	92.946	-83.668
816.000	9.200	93.354	-84.154
817.000	9.125	93.755	-84.630
818.000	9.051	94.155	-85.104
819.000	8.978	94.555	-85.577
820.000	8.907	94.954	-86.047
821.000	8.837	95.344	-86.507
822.000	8.772	95.731	-86.958
823.000	8.709	96.110	-87.401
824.000	8.648	96.488	-87.841
825.000	8.588	96.868	-88.281
826.000	8.529	97.243	-88.714
827.000	8.472	97.615	-89.143
828.000	8.418	97.984	-89.566
829.000	8.366	98.349	-89.983
830.000	8.316	98.705	-90.389
831.000	8.266	99.064	-90.798
832.000	8.218	99.421	-91.203
833.000	8.171	99.776	-91.605
834.000	8.125	100.125	-92.000
835.000	8.079	100.472	-92.392
836.000	8.036	100.811	-92.775
837.000	7.994	101.149	-93.155
838.000	7.954	101.484	-93.530
839.000	7.914	101.821	-93.907
840.000	7.875	102.161	-94.286
841.000	7.836	102.491	-94.655
842.000	7.798	102.821	-95.023
843.000	7.760	103.147	-95.387
844.000	7.723	103.468	-95.745
845.000	7.691	103.785	-96.094
846.000	7.653	104.101	-96.448
847.000	7.619	104.413	-96.794
848.000	7.585	104.722	-97.137
849.000	7.551	105.031	-97.480
850.000	7.517	105.341	-97.824
851.000	7.483	105.651	-98.168
852.000	7.449	105.957	-98.507
853.000	7.416	106.260	-98.844
854.000	7.382	106.563	-99.181
855.000	7.348	106.859	-99.511
856.000	7.314	107.154	-99.840
857.000	7.281	107.448	-100.167
858.000	7.248	107.736	-100.488
859.000	7.216	108.022	-100.806
860.000	7.183	108.307	-101.124
861.000	7.151	108.587	-101.436
862.000	7.118	108.868	-101.750
863.000	7.086	109.151	-102.065
864.000	7.054	109.433	-102.379
865.000	7.022	109.713	-102.691
866.000	6.990	109.992	-103.002
867.000	6.959	110.265	-103.306
868.000	6.929	110.541	-103.612
869.000	6.900	110.812	-103.912
870.000	6.872	111.079	-104.207
871.000	6.845	111.348	-104.503
872.000	6.817	111.612	-104.795
873.000	6.789	111.872	-105.083
874.000	6.763	112.129	-105.366
875.000	6.736	112.385	-105.649
876.000	6.711	112.643	-105.932
877.000	6.686	112.895	-106.209
878.000	6.661	113.151	-106.490
879.000	6.638	113.409	-106.771
880.000	6.614	113.662	-107.048
881.000	6.592	113.915	-107.323
882.000	6.571	114.167	-107.596
883.000	6.551	114.414	-107.863
884.000	6.531	114.660	-108.129
885.000	6.513	114.905	-108.392
886.000	6.494	115.146	-108.652
887.000	6.476	115.391	-108.915
888.000	6.458	115.625	-109.167
889.000	6.440	115.860	-109.420
890.000	6.423	116.099	-109.676
891.000	6.406	116.329	-109.923
892.000	6.390	116.558	-110.168
893.000	6.373	116.788	-110.415
894.000	6.358	117.016	-110.658
895.000	6.342	117.249	-110.907
896.000	6.327	117.479	-111.152
897.000	6.312	117.712	-111.400
898.000	6.297	117.932	-111.635
899.000	6.282	118.161	-111.879
900.000	6.268	118.385	-112.117
901.000	6.253	118.606	-112.352
902.000	6.240	118.823	-112.583
903.000	6.227	119.043	-112.816
904.000	6.214	119.262	-113.048
905.000	6.202	119.473	-113.271
906.000	6.189	119.687	-113.498
907.000	6.177	119.902	-113.725
908.000	6.165	120.111	-113.946
909.000	6.153	120.318	-114.165
910.000	6.141	120.524	-114.383
911.000	6.129	120.734	-114.605
912.000	6.118	120.938	-114.820
913.000	6.106	121.140	-115.034
914.000	6.095	121.349	-115.254
915.000	6.084	121.555	-115.471
916.000	6.073	121.758	-115.685
917.000	6.062	121.961	-115.899
918.000	6.051	122.160	-116.109
919.000	6.041	122.360	-116.319
920.000	6.030	122.555	-116.525
921.000	6.019	122.754	-116.735
922.000	6.009	122.951	-116.942
923.000	5.999	123.145	-117.146
924.000	5.988	123.333	-117.345
925.000	5.978	123.525	-117.547
926.000	5.968	123.715	-117.747
927.000	5.959	123.904	-117.945
928.000	5.949	124.091	-118.142
929.000	5.939	124.277	-118.338
930.000	5.929	124.457	-118.528
931.000	5.919	124.641	-118.722
932.000	5.910	124.827	-118.917
933.000	5.900	125.008	-119.108
934.000	5.892	125.189	-119.297
935.000	5.883	125.372	-119.489
936.000	5.875	125.553	-119.678
937.000	5.866	125.739	-119.873
938.000	5.858	125.914	-120.056
939.000	5.849	126.096	-120.247
940.000	5.841	126.272	-120.431
941.000	5.832	126.447	-120.615
942.000	5.824	126.621	-120.797
943.000	5.816	126.795	-120.979
944.000	5.808	126.967	-121.159
945.000	5.800	127.137	-121.337
946.000	5.792	127.302	-121.510
947.000	5.784	127.477	-121.693
948.000	5.777	127.648	-121.871
949.000	5.769	127.811	-122.042
950.000	5.761	127.977	-122.216
951.000	5.753	128.140	-122.387
952.000	5.746	128.303	-122.557
953.000	5.738	128.468	-122.730
954.000	5.731	128.629	-122.898
955.000	5.723	128.790	-123.067
956.000	5.716	128.946	-123.230
957.000	5.708	129.113	-123.404
958.000	5.701	129.274	-123.573
959.000	5.694	129.431	-123.737
960.000	5.687	129.591	-123.904
961.000	5.680	129.754	-124.074
962.000	5.673	129.913	-124.240
963.000	5.666	130.067	-124.401
964.000	5.659	130.222	-124.563
965.000	5.652	130.373	-124.721
966.000	5.645	130.529	-124.884
967.000	5.637	130.761	-125.124
968.000	5.629	131.102	-125.473
969.000	5.623	131.481	-125.858
970.000	5.617	131.888	-126.271
971.000	5.612	132.302	-126.690
972.000	5.606	132.718	-127.112
973.000	5.600	133.138	-127.538
974.000	5.594	133.564	-127.970
975.000	5.588	133.994	-128.406
976.000	5.582	134.427	-128.845
977.000	5.576	134.852	-129.276
978.000	5.571	135.283	-129.712
979.000	5.565	135.711	-130.146
980.000	5.559	136.134	-130.575
981.000	5.554	136.549	-130.995
982.000	5.548	136.969	-131.421
983.000	5.543	137.403	-131.860
984.000	5.537	137.816	-132.279
985.000	5.532	138.247	-132.715
986.000	5.527	138.667	-133.141
987.000	5.521	139.082	-133.561
988.000	5.516	139.497	-133.981
989.000	5.510	139.912	-134.402
990.000	5.505	140.323	-134.818
991.000	5.499	140.724	-135.225
992.000	5.494	141.132	-135.638
993.000	5.489	141.537	-136.048
994.000	5.483	141.946	-136.463
995.000	5.478	142.354	-136.876
996.000	5.473	142.762	-137.289
997.000	5.468	143.159	-137.691
998.000	5.463	143.558	-138.095
999.000	5.458	143.960	-138.502
1000.000	5.453	144.349	-138.896
1001.000	5.448	144.743	-139.295
1002.000	5.443	145.133	-139.690
1003.000	5.438	145.516	-140.078
1004.000	5.433	145.902	-140.469
1005.000	5.428	146.290	-140.862
1006.000	5.423	146.678	-141.255
1007.000	5.418	147.065	-141.647
1008.000	5.413	147.443	-142.030
1009.000	5.409	147.823	-142.414
1010.000	5.404	148.200	-142.796
1011.000	5.399	148.577	-143.178
1012.000	5.394	148.951	-143.557
1013.000	5.390	149.321	-143.931
1014.000	5.385	149.689	-144.304
1015.000	5.381	150.048	-144.667
1016.000	5.376	150.420	-145.044
1017.000	5.372	150.779	-145.407
1018.000	5.367	151.153	-145.786
1019.000	5.363	151.520	-146.157
1020.000	5.358	151.878	-146.520
1021.000	5.354	152.238	-146.884
1022.000	5.349	152.594	-147.245
1023.000	5.345	152.955	-147.610
1024.000	5.340	153.304	-147.964
1025.000	5.336	153.657	-148.321
1026.000	5.332	154.005	-148.673
1027.000	5.327	154.354	-149.027
1028.000	5.323	154.690	-149.367
1029.000	5.319	155.038	-149.719
1030.000	5.315	155.382	-150.067
1031.000	5.311	155.735	-150.424
1032.000	5.307	156.084	-150.777
1033.000	5.303	156.419	-151.116
1034.000	5.299	156.757	-151.458
1035.000	5.294	157.098	-151.804
1036.000	5.290	157.435	-152.145
1037.000	5.286	157.768	-152.482
1038.000	5.282	158.099	-152.817
1039.000	5.278	158.429	-153.151
1040.000	5.275	158.755	-153.480
1041.000	5.271	159.082	-153.810
1042.000	5.268	159.405	-154.137
1043.000	5.264	159.730	-154.466
1044.000	5.261	160.052	-154.791
1045.000	5.257	160.381	-155.124
1046.000	5.254	160.706	-155.452
1047.000	5.250	161.027	-155.777
1048.000	5.247	161.348	-156.101
1049.000	5.244	161.660	-156.416
1050.000	5.240	161.978	-156.738
1051.000	5.237	162.285	-157.048
1052.000	5.233	162.603	-157.370
1053.000	5.229	162.915	-157.686
1054.000	5.226	163.225	-157.999
1055.000	5.222	163.534	-158.312
1056.000	5.219	163.831	-158.612
1057.000	5.215	164.136	-158.921
1058.000	5.212	164.448	-159.236
1059.000	5.209	164.757	-159.548
1060.000	5.205	165.059	-159.854
1061.000	5.202	165.362	-160.160
1062.000	5.198	165.671	-160.473
1063.000	5.195	165.967	-160.772
1064.000	5.192	166.268	-161.076
1065.000	5.189	166.565	-161.376
1066.000	5.186	166.861	-161.675
1067.000	5.183	167.156	-161.974
1068.000	5.179	167.446	-162.267
1069.000	5.176	167.737	-162.561
1070.000	5.173	168.020	-162.847
1071.000	5.170	168.310	-163.140
1072.000	5.167	168.596	-163.429
1073.000	5.164	168.898	-163.734
1074.000	5.160	169.180	-164.019
1075.000	5.157	169.464	-164.307
1076.000	5.154	169.753	-164.599
1077.000	5.151	170.041	-164.890
1078.000	5.148	170.322	-165.174
1079.000	5.145	170.596	-165.451
1080.000	5.142	170.882	-165.740
1081.000	5.139	171.156	-166.017
1082.000	5.136	171.435	-166.299
1083.000	5.133	171.711	-166.578
1084.000	5.130	171.983	-166.853
1085.000	5.127	172.260	-167.133
1086.000	5.125	172.540	-167.415
1087.000	5.122	172.800	-167.678
1088.000	5.119	173.070	-167.951
1089.000	5.116	173.342	-168.226
1090.000	5.113	173.611	-168.498
1091.000	5.110	173.891	-168.781
1092.000	5.107	174.205	-169.098
1093.000	5.104	174.592	-169.488
1094.000	5.101	175.039	-169.938
1095.000	5.098	175.311	-170.213
1096.000	5.096	175.613	-170.517
1097.000	5.093	175.939	-170.846
1098.000	5.090	176.272	-171.181
1099.000	5.088	176.611	-171.523
1100.000	5.085	176.945	-171.860
1101.000	5.083	177.276	-172.193
1102.000	5.080	177.603	-172.523
1103.000	5.077	177.945	-172.868
1104.000	5.075	178.279	-173.204
1105.000	5.072	178.606	-173.534
1106.000	5.069	178.943	-173.874
1107.000	5.066	179.267	-174.201
1108.000	5.064	179.591	-174.527
1109.000	5.061	179.909	-174.848
1110.000	5.059	180.231	-175.172
1111.000	5.056	180.548	-175.492
1112.000	5.053	180.854	-175.801
1113.000	5.051	181.170	-176.119
1114.000	5.049	181.479	-176.430
1115.000	5.046	181.798	-176.752
1116.000	5.043	182.102	-177.059
1117.000	5.041	182.405	-177.364
1118.000	5.038	182.720	-177.682
1119.000	5.035	183.031	-177.996
1120.000	5.033	183.351	-178.318
1121.000	5.030	183.662	-178.632
1122.000	5.027	183.972	-178.945
1123.000	5.025	184.267	-179.242
1124.000	5.023	184.573	-179.550
1125.000	5.020	184.889	-179.869
1126.000	5.018	185.194	-180.176
1127.000	5.016	185.494	-180.478
1128.000	5.013	185.790	-180.777
1129.000	5.011	186.091	-181.080
1130.000	5.009	186.392	-181.383
1131.000	5.006	186.673	-181.667
1132.000	5.004	186.976	-181.972
1133.000	5.002	187.263	-182.261
1134.000	4.999	187.566	-182.567
1135.000	4.997	187.865	-182.868
1136.000	4.995	188.155	-183.160
1137.000	4.993	188.458	-183.465
1138.000	4.990	188.735	-183.745
1139.000	4.988	189.027	-184.039
1140.000	4.986	189.321	-184.335
1141.000	4.983	189.605	-184.622
1142.000	4.981	189.887	-184.906
1143.000	4.979	190.175	-185.196
1144.000	4.977	190.462	-185.485
1145.000	4.975	190.741	-185.766
1146.000	4.973	191.022	-186.049
1147.000	4.971	191.305	-186.334
1148.000	4.968	191.577	-186.608
1149.000	4.966	191.858	-186.892
1150.000	4.964	192.132	-187.168
1151.000	4.962	192.402	-187.440
1152.000	4.960	192.680	-187.720
1153.000	4.958	192.959	-188.001
1154.000	4.956	193.237	-188.281
1155.000	4.954	193.512	-188.558
1156.000	4.952	193.781	-188.829
1157.000	4.950	194.050	-189.100
1158.000	4.948	194.334	-189.386
1159.000	4.946	194.591	-189.645
1160.000	4.944	194.862	-189.918
1161.000	4.942	195.142	-190.200
1162.000	4.940	195.396	-190.456
1163.000	4.938	195.657	-190.719
1164.000	4.936	195.913	-190.977
1165.000	4.934	196.182	-191.248
1166.000	4.932	196.452	-191.520
1167.000	4.930	196.704	-191.774
1168.000	4.928	196.963	-192.035
1169.000	4.926	197.208	-192.282
1170.000	4.925	197.468	-192.543
1171.000	4.923	197.728	-192.805
1172.000	4.921	197.988	-193.067
1173.000	4.919	198.246	-193.327
1174.000	4.917	198.500	-193.583
1175.000	4.915	198.760	-193.845
1176.000	4.913	199.017	-194.104
1177.000	4.911	199.273	-194.362
1178.000	4.909	199.520	-194.611
1179.000	4.907	199.760	-194.853
1180.000	4.905	200.020	-195.115
1181.000	4.903	200.256	-195.353
1182.000	4.901	200.507	-195.606
1183.000	4.899	200.757	-195.858
1184.000	4.897	201.003	-196.106
1185.000	4.896	201.231	-196.335
1186.000	4.894	201.483	-196.589
1187.000	4.892	201.727	-196.835
1188.000	4.890	201.969	-197.079
1189.000	4.888	202.198	-197.310
1190.000	4.886	202.439	-197.553
1191.000	4.884	202.678	-197.794
1192.000	4.883	202.921	-198.038
1193.000	4.881	203.184	-198.303
1194.000	4.879	203.410	-198.531
1195.000	4.877	203.642	-198.765
1196.000	4.876	203.880	-199.004
1197.000	4.874	204.112	-199.238
1198.000	4.872	204.355	-199.482
1199.000	4.871	204.581	-199.710
1200.000	4.869	204.813	-199.944
1201.000	4.868	205.045	-200.177
1202.000	4.866	205.278	-200.412
1203.000	4.864	205.497	-200.633
1204.000	4.862	205.718	-200.855
1205.000	4.861	205.953	-201.092
1206.000	4.859	206.164	-201.305
1207.000	4.858	206.396	-201.538
1208.000	4.856	206.620	-201.764
1209.000	4.854	206.827	-201.972
1210.000	4.853	207.060	-202.207
1211.000	4.851	207.271	-202.420
1212.000	4.849	207.504	-202.655
1213.000	4.848	207.715	-202.867
1214.000	4.846	207.940	-203.094
1215.000	4.845	208.164	-203.319
1216.000	4.843	208.384	-203.541
1217.000	4.841	208.612	-203.771
1218.000	4.839	208.822	-203.983
1219.000	4.838	209.037	-204.199
1220.000	4.836	209.257	-204.421
1221.000	4.834	209.478	-204.644
1222.000	4.832	209.692	-204.859
1223.000	4.831	209.903	-205.072
1224.000	4.829	210.113	-205.284
1225.000	4.827	210.330	-205.503
1226.000	4.826	210.525	-205.699
1227.000	4.824	210.747	-205.923
1228.000	4.822	210.960	-206.138
1229.000	4.821	211.170	-206.349
1230.000	4.819	211.367	-206.548
1231.000	4.817	211.583	-206.766
1232.000	4.816	211.783	-206.967
1233.000	4.814	211.985	-207.171
1234.000	4.813	212.200	-207.387
1235.000	4.811	212.395	-207.584
1236.000	4.809	212.605	-207.796
1237.000	4.808	212.815	-208.007
1238.000	4.806	213.025	-208.219
1239.000	4.805	213.222	-208.417
1240.000	4.803	213.433	-208.630
1241.000	4.802	213.631	-208.829
1242.000	4.801	213.840	-209.039
1243.000	4.799	214.022	-209.223
1244.000	4.798	214.238	-209.440
1245.000	4.796	214.432	-209.635
1246.000	4.795	214.640	-209.845
1247.000	4.794	214.838	-210.044
1248.000	4.793	215.039	-210.246
1249.000	4.791	215.233	-210.442
1250.000	4.790	215.424	-210.634
1251.000	4.788	215.631	-210.843
1252.000	4.787	215.821	-211.034
1253.000	4.785	216.005	-211.220
1254.000	4.784	216.210	-211.426
1255.000	4.783	216.399	-211.616
1256.000	4.781	216.590	-211.809
1257.000	4.780	216.796	-212.016
1258.000	4.779	216.963	-212.184
1259.000	4.777	217.160	-212.383
1260.000	4.776	217.348	-212.572
1261.000	4.775	217.544	-212.769
1262.000	4.773	217.733	-212.960
1263.000	4.772	217.924	-213.152
1264.000	4.771	218.116	-213.346
1265.000	4.769	218.303	-213.534
1266.000	4.767	218.489	-213.722
1267.000	4.766	218.681	-213.915
1268.000	4.764	218.865	-214.101
1269.000	4.763	219.048	-214.285
1270.000	4.762	219.235	-214.473
1271.000	4.760	219.423	-214.663
1272.000	4.759	219.602	-214.843
1273.000	4.757	219.796	-215.039
1274.000	4.756	219.974	-215.218
1275.000	4.755	220.166	-215.411
1276.000	4.753	220.333	-215.580
1277.000	4.752	220.523	-215.771
1278.000	4.750	220.703	-215.953
1279.000	4.749	220.882	-216.133
1280.000	4.747	221.060	-216.313
1281.000	4.746	221.236	-216.490
1282.000	4.745	221.413	-216.668
1283.000	4.744	221.586	-216.842
1284.000	4.742	221.763	-217.021
1285.000	4.741	221.954	-217.213
1286.000	4.740	222.116	-217.376
1287.000	4.738	222.290	-217.552
1288.000	4.737	222.476	-217.739
1289.000	4.736	222.633	-217.897
1290.000	4.734	222.818	-218.084
1291.000	4.733	223.011	-218.278
1292.000	4.732	223.162	-218.430
1293.000	4.731	223.350	-218.619
1294.000	4.729	223.518	-218.789
1295.000	4.728	223.690	-218.962
1296.000	4.727	223.858	-219.131
1297.000	4.726	224.035	-219.309
1298.000	4.724	224.196	-219.472
1299.000	4.723	224.370	-219.647
1300.000	4.722	224.546	-219.824
1301.000	4.721	224.719	-219.998
1302.000	4.719	224.888	-220.169
1303.000	4.718	225.058	-220.340
1304.000	4.717	225.218	-220.501
1305.000	4.716	225.390	-220.674
1306.000	4.715	225.565	-220.850
1307.000	4.713	225.725	-221.011
1308.000	4.712	225.882	-221.170
1309.000	4.711	226.056	-221.345
1310.000	4.710	226.204	-221.494
1311.000	4.708	226.380	-221.672
1312.000	4.707	226.542	-221.835
1313.000	4.706	226.709	-222.003
1314.000	4.704	226.859	-222.155
1315.000	4.703	227.026	-222.323
1316.000	4.702	227.188	-222.486
1317.000	4.701	227.342	-222.641
1318.000	4.699	227.505	-222.805
1319.000	4.698	227.665	-222.967
1320.000	4.697	227.817	-223.120
1321.000	4.696	227.977	-223.281
1322.000	4.695	228.137	-223.442
1323.000	4.694	228.304	-223.610
1324.000	4.693	228.469	-223.776
1325.000	4.691	228.635	-223.944
1326.000	4.690	228.785	-224.095
1327.000	4.689	228.940	-224.251
1328.000	4.688	229.103	-224.415
1329.000	4.687	229.254	-224.567
1330.000	4.686	229.406	-224.720
1331.000	4.685	229.563	-224.878
1332.000	4.684	229.723	-225.039
1333.000	4.683	229.858	-225.175
1334.000	4.682	230.017	-225.335
1335.000	4.681	230.183	-225.502
1336.000	4.681	230.356	-225.675
1337.000	4.679	230.495	-225.816
1338.000	4.678	230.645	-225.967
1339.000	4.677	230.803	-226.126
1340.000	4.676	230.945	-226.268
1341.000	4.676	231.103	-226.427
1342.000	4.675	231.253	-226.578
1343.000	4.674	231.384	-226.710
1344.000	4.673	231.549	-226.876
1345.000	4.672	231.685	-227.013
1346.000	4.671	231.844	-227.173
1347.000	4.670	231.980	-227.310
1348.000	4.669	232.130	-227.461
1349.000	4.668	232.281	-227.613
1350.000	4.667	232.434	-227.767
1351.000	4.666	232.579	-227.913
1352.000	4.665	232.725	-228.060
1353.000	4.664	232.870	-228.206
1354.000	4.663	233.021	-228.358
1355.000	4.662	233.160	-228.498
1356.000	4.661	233.315	-228.654
1357.000	4.660	233.439	-228.779
1358.000	4.658	233.587	-228.929
1359.000	4.657	233.732	-229.075
1360.000	4.656	233.882	-229.226
1361.000	4.655	234.027	-229.372
1362.000	4.654	234.181	-229.527
1363.000	4.653	234.313	-229.660
1364.000	4.652	234.464	-229.812
1365.000	4.651	234.600	-229.949
1366.000	4.650	234.736	-230.086
1367.000	4.649	234.875	-230.226
1368.000	4.648	235.018	-230.370
1369.000	4.647	235.162	-230.515
1370.000	4.646	235.291	-230.644
1371.000	4.646	235.439	-230.793
1372.000	4.645	235.588	-230.943
1373.000	4.644	235.712	-231.068
1374.000	4.643	235.864	-231.221
1375.000	4.642	235.982	-231.340
1376.000	4.641	236.116	-231.475
1377.000	4.640	236.268	-231.628
1378.000	4.639	236.397	-231.757
1379.000	4.639	236.537	-231.898
1380.000	4.638	236.658	-232.020
1381.000	4.637	236.798	-232.161
1382.000	4.636	236.922	-232.286
1383.000	4.635	237.069	-232.434
1384.000	4.634	237.182	-232.548
1385.000	4.634	237.317	-232.683
1386.000	4.633	237.453	-232.820
1387.000	4.632	237.581	-232.949
1388.000	4.631	237.720	-233.089
1389.000	4.630	237.856	-233.226
1390.000	4.629	237.988	-233.359
1391.000	4.628	238.115	-233.487
1392.000	4.627	238.252	-233.625
1393.000	4.626	238.382	-233.756
1394.000	4.625	238.520	-233.895
1395.000	4.624	238.650	-234.026
1396.000	4.623	238.769	-234.146
1397.000	4.622	238.909	-234.287
1398.000	4.621	239.045	-234.424
1399.000	4.620	239.170	-234.550
1400.000	4.619	239.295	-234.676
1401.000	4.618	239.429	-234.811
1402.000	4.617	239.546	-234.929
1403.000	4.617	239.671	-235.054
1404.000	4.616	239.814	-235.198
1405.000	4.615	239.934	-235.319
1406.000	4.614	240.059	-235.445
1407.000	4.613	240.177	-235.564
1408.000	4.612	240.311	-235.699
1409.000	4.611	240.434	-235.823
1410.000	4.611	240.549	-235.938
1411.000	4.610	240.673	-236.063
1412.000	4.609	240.784	-236.175
1413.000	4.608	240.918	-236.310
1414.000	4.607	241.052	-236.445
1415.000	4.607	241.188	-236.581
1416.000	4.606	241.271	-236.665
1417.000	4.605	241.416	-236.811
1418.000	4.604	241.542	-236.937
1419.000	4.604	241.652	-237.048
1420.000	4.603	241.771	-237.168
1421.000	4.602	241.882	-237.280
1422.000	4.601	242.010	-237.409
1423.000	4.601	242.133	-237.532
1424.000	4.600	242.250	-237.650
1425.000	4.599	242.349	-237.750
1426.000	4.598	242.539	-237.941
1427.000	4.598	242.673	-238.076
1428.000	4.596	242.782	-238.186
1429.000	4.595	242.899	-238.304
1430.000	4.594	243.014	-238.420
1431.000	4.593	243.132	-238.538
1432.000	4.593	243.250	-238.657
1433.000	4.592	243.381	-238.789
1434.000	4.591	243.485	-238.894
1435.000	4.590	243.598	-239.009
1436.000	4.589	243.724	-239.135
1437.000	4.588	243.843	-239.255
1438.000	4.587	243.954	-239.367
1439.000	4.586	244.065	-239.479
1440.000	4.586	244.189	-239.603
1441.000	4.585	244.296	-239.711
1442.000	4.584	244.409	-239.825
1443.000	4.583	244.527	-239.944
1444.000	4.582	244.656	-240.074
1445.000	4.581	244.764	-240.183
1446.000	4.581	244.891	-240.310
1447.000	4.580	244.989	-240.409
1448.000	4.579	245.106	-240.527
1449.000	4.579	245.216	-240.637
1450.000	4.578	245.338	-240.760
1451.000	4.577	245.447	-240.870
1452.000	4.576	245.545	-240.969
1453.000	4.575	245.656	-241.081
1454.000	4.575	245.778	-241.203
1455.000	4.574	245.902	-241.328
1456.000	4.573	246.012	-241.439
1457.000	4.573	246.115	-241.542
1458.000	4.572	246.202	-241.630
1459.000	4.571	246.334	-241.763
1460.000	4.571	246.441	-241.870
1461.000	4.570	246.542	-241.972
1462.000	4.569	246.642	-242.072
1463.000	4.569	246.776	-242.207
1464.000	4.568	246.891	-242.323
1465.000	4.567	247.001	-242.434
1466.000	4.567	247.079	-242.512
1467.000	4.566	247.208	-242.642
1468.000	4.565	247.290	-242.725
1469.000	4.564	247.401	-242.837
1470.000	4.564	247.510	-242.946
1471.000	4.563	247.628	-243.065
1472.000	4.562	247.738	-243.176
1473.000	4.561	247.856	-243.294
1474.000	4.561	247.963	-243.402
1475.000	4.560	248.074	-243.514
1476.000	4.559	248.167	-243.608
1477.000	4.558	248.273	-243.715
1478.000	4.557	248.380	-243.823
1479.000	4.557	248.500	-243.943
1480.000	4.556	248.599	-244.043
1481.000	4.555	248.726	-244.171
1482.000	4.555	248.803	-244.248
1483.000	4.554	248.927	-244.373
1484.000	4.553	249.013	-244.460
1485.000	4.553	249.129	-244.576
1486.000	4.552	249.252	-244.700
1487.000	4.552	249.311	-244.759
1488.000	4.551	249.421	-244.870
1489.000	4.551	249.507	-244.956
1490.000	4.550	249.621	-245.071
1491.000	4.550	249.712	-245.162
1492.000	4.549	249.805	-245.256
1493.000	4.549	249.928	-245.379
1494.000	4.548	250.024	-245.476
1495.000	4.548	250.132	-245.584
1496.000	4.547	250.226	-245.679
1497.000	4.546	250.325	-245.779
1498.000	4.545	250.429	-245.883
1499.000	4.545	250.523	-245.978
1500.000	4.545	250.616	-246.072
1501.000	4.544	250.713	-246.169
1502.000	4.543	250.825	-246.282
1503.000	4.542	250.917	-246.375
1504.000	4.542	251.023	-246.481
1505.000	4.541	251.115	-246.574
1506.000	4.541	251.219	-246.678
1507.000	4.540	251.319	-246.779
1508.000	4.539	251.408	-246.869
1509.000	4.539	251.542	-247.003
1510.000	4.538	251.662	-247.124
1511.000	4.537	251.728	-247.191
1512.000	4.537	251.800	-247.263
1513.000	4.536	251.908	-247.372
1514.000	4.535	251.982	-247.447
1515.000	4.535	252.085	-247.550
1516.000	4.534	252.178	-247.644
1517.000	4.533	252.278	-247.745
1518.000	4.533	252.362	-247.829
1519.000	4.532	252.475	-247.943
1520.000	4.532	252.571	-248.039
1521.000	4.531	252.674	-248.143
1522.000	4.531	252.757	-248.226
1523.000	4.530	252.844	-248.314
1524.000	4.530	252.939	-248.409
1525.000	4.529	253.023	-248.494
1526.000	4.529	253.141	-248.612
1527.000	4.528	253.242	-248.714
1528.000	4.527	253.326	-248.799
1529.000	4.527	253.428	-248.901
1530.000	4.527	253.499	-248.972
1531.000	4.526	253.613	-249.087
1532.000	4.526	253.708	-249.182
1533.000	4.525	253.795	-249.270
1534.000	4.524	253.895	-249.371
1535.000	4.524	253.989	-249.465
1536.000	4.524	254.085	-249.561
1537.000	4.523	254.168	-249.645
1538.000	4.522	254.247	-249.725
1539.000	4.522	254.348	-249.826
1540.000	4.521	254.447	-249.925
1541.000	4.521	254.517	-249.996
1542.000	4.521	254.622	-250.101
1543.000	4.520	254.699	-250.179
1544.000	4.520	254.794	-250.274
1545.000	4.519	254.894	-250.375
1546.000	4.519	254.981	-250.462
1547.000	4.518	255.079	-250.561
1548.000	4.518	255.154	-250.636
1549.000	4.517	255.233	-250.716
1550.000	4.516	255.314	-250.797
1551.000	4.516	255.408	-250.892
1552.000	4.516	255.505	-250.989
1553.000	4.515	255.561	-251.046
1554.000	4.514	255.644	-251.130
1555.000	4.514	255.767	-251.253
1556.000	4.513	255.854	-251.341
1557.000	4.512	255.914	-251.402
1558.000	4.512	255.976	-251.464
1559.000	4.511	256.077	-251.566
1560.000	4.511	256.161	-251.650
1561.000	4.510	256.276	-251.766
1562.000	4.510	256.313	-251.803
1563.000	4.509	256.445	-251.936
1564.000	4.508	256.551	-252.043
1565.000	4.508	256.540	-252.032
1566.000	4.507	256.737	-252.230
1567.000	4.506	256.810	-252.304
1568.000	4.506	256.883	-252.377
1569.000	4.505	256.985	-252.480
1570.000	4.504	257.048	-252.544
1571.000	4.504	257.132	-252.628
1572.000	4.503	257.239	-252.736
1573.000	4.502	257.304	-252.802
1574.000	4.502	257.377	-252.875
1575.000	4.501	257.462	-252.961
1576.000	4.501	257.543	-253.042
1577.000	4.500	257.610	-253.110
1578.000	4.500	257.675	-253.175
1579.000	4.499	257.732	-253.233
1580.000	4.498	257.835	-253.337
1581.000	4.498	257.889	-253.391
1582.000	4.497	257.983	-253.486
1583.000	4.497	258.039	-253.542
1584.000	4.496	258.127	-253.631
1585.000	4.496	258.203	-253.707
1586.000	4.495	258.265	-253.770
1587.000	4.495	258.343	-253.848
1588.000	4.495	258.420	-253.925
1589.000	4.494	258.495	-254.001
1590.000	4.494	258.572	-254.078
1591.000	4.493	258.670	-254.177
1592.000	4.493	258.752	-254.259
1593.000	4.492	258.853	-254.361
1594.000	4.492	258.934	-254.442
1595.000	4.492	259.045	-254.553
1596.000	4.491	259.159	-254.668
1597.000	4.491	259.243	-254.752
1598.000	4.490	259.320	-254.830
1599.000	4.490	259.407	-254.917
1600.000	4.489	259.503	-255.014
1601.000	4.489	259.569	-255.080
1602.000	4.488	259.655	-255.167
1603.000	4.488	259.985	-255.497
1604.000	4.487	260.283	-255.796
1605.000	4.487	260.603	-256.116
1606.000	4.486	260.914	-256.428
1607.000	4.486	261.123	-256.637
1608.000	4.485	261.279	-256.794
1609.000	4.485	261.395	-256.910
1610.000	4.484	261.478	-256.994
1611.000	4.483	261.557	-257.074
1612.000	4.483	261.623	-257.140
1613.000	4.482	261.717	-257.235
1614.000	4.482	261.808	-257.326
1615.000	4.481	261.886	-257.405
1616.000	4.481	262.022	-257.541
1617.000	4.480	262.143	-257.663
1618.000	4.480	262.237	-257.757
1619.000	4.479	262.425	-257.946
1620.000	4.479	262.498	-258.019
1621.000	4.478	262.593	-258.115
1622.000	4.478	262.741	-258.263
1623.000	4.478	262.782	-258.304
1624.000	4.477	262.941	-258.464
1625.000	4.477	263.012	-258.535
1626.000	4.476	263.078	-258.602
1627.000	4.476	263.232	-258.756
1628.000	4.475	263.596	-259.121
1629.000	4.475	263.705	-259.230
1630.000	4.474	263.813	-259.339
1631.000	4.474	263.904	-259.430
1632.000	4.473	264.047	-259.574
1633.000	4.473	264.154	-259.681
1634.000	4.473	264.362	-259.889
1635.000	4.472	264.639	-260.167
1636.000	4.472	264.934	-260.462
1637.000	4.471	265.175	-260.704
1638.000	4.471	265.276	-260.805
1639.000	4.470	265.347	-260.877
1640.000	4.470	265.446	-260.976
1641.000	4.469	265.529	-261.060
1642.000	4.468	265.627	-261.159
1643.000	4.468	265.716	-261.248
1644.000	4.467	265.807	-261.340
1645.000	4.467	265.898	-261.431
1646.000	4.466	265.979	-261.513
1647.000	4.466	266.079	-261.613
1648.000	4.466	266.167	-261.701
1649.000	4.465	266.246	-261.781
1650.000	4.465	266.318	-261.853
1651.000	4.464	266.406	-261.942
1652.000	4.464	266.488	-262.024
1653.000	4.464	266.590	-262.126
1654.000	4.463	266.674	-262.211
1655.000	4.463	266.760	-262.297
1656.000	4.462	266.837	-262.375
1657.000	4.462	266.943	-262.481
1658.000	4.461	267.034	-262.573
1659.000	4.461	267.205	-262.744
1660.000	4.460	267.401	-262.940
1661.000	4.460	267.519	-263.059
1662.000	4.460	267.594	-263.134
1663.000	4.460	267.678	-263.219
1664.000	4.459	267.766	-263.307
1665.000	4.459	268.017	-263.558
1666.000	4.458	268.373	-263.915
1667.000	4.458	268.646	-264.188
1668.000	4.457	268.847	-264.390
1669.000	4.457	269.031	-264.574
1670.000	4.456	269.160	-264.704
1671.000	4.456	269.308	-264.852
1672.000	4.455	269.534	-265.079
1673.000	4.455	269.774	-265.319
1674.000	4.454	269.980	-265.526
1675.000	4.454	270.153	-265.699
1676.000	4.453	270.352	-265.899
1677.000	4.453	270.559	-266.106
1678.000	4.452	270.792	-266.339
1679.000	4.452	270.905	-266.453
1680.000	4.452	271.018	-266.566
1681.000	4.451	271.215	-266.764
1682.000	4.451	271.443	-266.992
1683.000	4.450	271.680	-267.230
1684.000	4.450	271.791	-267.341
1685.000	4.450	272.001	-267.551
1686.000	4.449	272.194	-267.745
1687.000	4.449	272.311	-267.862
1688.000	4.449	272.475	-268.026
1689.000	4.448	272.621	-268.173
1690.000	4.448	272.794	-268.346
1691.000	4.447	272.862	-268.415
1692.000	4.447	272.910	-268.463
1693.000	4.447	272.954	-268.507
1694.000	4.446	273.001	-268.555
1695.000	4.446	273.037	-268.591
1696.000	4.445	273.076	-268.631
1697.000	4.445	273.107	-268.662
1698.000	4.444	273.136	-268.692
1699.000	4.444	273.165	-268.721
1700.000	4.444	273.208	-268.764
1701.000	4.443	273.216	-268.773
1702.000	4.443	273.230	-268.787
1703.000	4.442	273.238	-268.796
1704.000	4.442	273.259	-268.817
1705.000	4.442	273.297	-268.855
1706.000	4.442	273.330	-268.888
1707.000	4.442	273.361	-268.919
1708.000	4.442	273.410	-268.968
1709.000	4.441	273.458	-269.017
1710.000	4.441	273.501	-269.060
1711.000	4.441	273.541	-269.100
1712.000	4.441	273.592	-269.151
1713.000	4.440	273.644	-269.204
1714.000	4.440	273.693	-269.253
1715.000	4.440	273.739	-269.299
1716.000	4.439	273.789	-269.350
1717.000	4.439	273.838	-269.399
1718.000	4.439	273.889	-269.450
1719.000	4.438	273.935	-269.497
1720.000	4.438	273.984	-269.546
1721.000	4.437	274.036	-269.599
1722.000	4.437	274.098	-269.661
1723.000	4.437	274.155	-269.718
1724.000	4.436	274.205	-269.768
1725.000	4.436	274.274	-269.838
1726.000	4.436	274.323	-269.887
1727.000	4.436	274.387	-269.952
1728.000	4.435	274.443	-270.008
1729.000	4.435	274.494	-270.059
1730.000	4.434	274.542	-270.107
1731.000	4.434	274.596	-270.162
1732.000	4.434	274.641	-270.207
1733.000	4.433	274.698	-270.265
1734.000	4.433	274.896	-270.463
1735.000	4.433	275.417	-270.984
1736.000	4.432	276.039	-271.607
1737.000	4.432	276.251	-271.819
1738.000	4.431	276.351	-271.920
1739.000	4.431	276.448	-272.017
1740.000	4.430	276.549	-272.119
1741.000	4.430	276.626	-272.196
1742.000	4.430	276.692	-272.262
1743.000	4.429	276.750	-272.321
1744.000	4.429	276.801	-272.372
1745.000	4.429	276.853	-272.424
1746.000	4.428	276.910	-272.482
1747.000	4.428	277.177	-272.749
1748.000	4.428	277.585	-273.157
1749.000	4.427	278.070	-273.643
1750.000	4.427	278.588	-274.161
1751.000	4.426	279.083	-274.657
1752.000	4.426	279.545	-275.119
1753.000	4.426	280.021	-275.595
1754.000	4.425	280.526	-276.101
1755.000	4.425	281.002	-276.577
1756.000	4.425	281.513	-277.088
1757.000	4.424	281.945	-277.521
1758.000	4.424	282.430	-278.006
1759.000	4.423	282.905	-278.482
1760.000	4.423	283.318	-278.895
1761.000	4.423	283.634	-279.211
1762.000	4.422	283.968	-279.546
1763.000	4.422	284.033	-279.611
1764.000	4.422	284.079	-279.657
1765.000	4.421	284.143	-279.722
1766.000	4.421	284.211	-279.790
1767.000	4.420	284.281	-279.861
1768.000	4.420	284.329	-279.909
1769.000	4.420	284.385	-279.965
1770.000	4.419	284.568	-280.149
1771.000	4.419	284.978	-280.559
1772.000	4.419	285.423	-281.004
1773.000	4.418	285.796	-281.378
1774.000	4.418	286.128	-281.710
1775.000	4.418	286.489	-282.071
1776.000	4.417	286.877	-282.460
1777.000	4.417	287.136	-282.719
1778.000	4.417	287.214	-282.797
1779.000	4.416	287.257	-282.841
1780.000	4.416	287.292	-282.876
1781.000	4.416	287.305	-282.889
1782.000	4.415	287.342	-282.927
1783.000	4.415	287.380	-282.965
1784.000	4.415	287.408	-282.994
1785.000	4.413	287.441	-283.028
1786.000	4.413	287.471	-283.058
1787.000	4.412	287.496	-283.084
1788.000	4.413	287.524	-283.111
1789.000	4.413	287.559	-283.146
1790.000	4.411	287.581	-283.170
1791.000	4.411	287.606	-283.195
1792.000	4.412	287.635	-283.223
1793.000	4.412	287.645	-283.233
1794.000	4.411	287.689	-283.278
1795.000	4.411	287.729	-283.318
1796.000	4.410	287.753	-283.342
1797.000	4.410	287.796	-283.386
1798.000	4.410	287.839	-283.429
1799.000	4.410	287.871	-283.462
1800.000	4.409	287.924	-283.515
1801.000	4.409	287.972	-283.563
1802.000	4.409	288.020	-283.611
1803.000	4.408	288.046	-283.638
1804.000	4.408	288.085	-283.677
1805.000	4.408	288.132	-283.724
1806.000	4.407	288.212	-283.804
1807.000	4.407	288.297	-283.890
1808.000	4.407	288.331	-283.924
1809.000	4.407	288.362	-283.955
1810.000	4.406	288.382	-283.976
1811.000	4.406	288.414	-284.008
1812.000	4.405	288.445	-284.039
1813.000	4.405	288.479	-284.074
1814.000	4.405	288.500	-284.095
1815.000	4.405	288.520	-284.115
1816.000	4.404	288.534	-284.130
1817.000	4.404	288.548	-284.144
1818.000	4.404	288.564	-284.160
1819.000	4.404	288.599	-284.195
1820.000	4.403	288.653	-284.250
1821.000	4.403	288.691	-284.288
1822.000	4.403	288.724	-284.321
1823.000	4.402	288.753	-284.351
1824.000	4.402	288.775	-284.373
1825.000	4.402	288.788	-284.386
1826.000	4.401	288.801	-284.400
1827.000	4.401	288.822	-284.421
1828.000	4.401	288.828	-284.427
1829.000	4.401	288.851	-284.450
1830.000	4.401	288.873	-284.472
1831.000	4.400	288.894	-284.494
1832.000	4.400	288.921	-284.521
1833.000	4.400	288.934	-284.534
1834.000	4.400	288.955	-284.555
1835.000	4.399	288.980	-284.581
1836.000	4.399	288.995	-284.596
1837.000	4.399	289.008	-284.609
1838.000	4.398	289.045	-284.647
1839.000	4.398	289.067	-284.669
1840.000	4.398	289.096	-284.698
1841.000	4.397	289.129	-284.732
1842.000	4.397	289.149	-284.752
1843.000	4.397	289.162	-284.765
1844.000	4.397	289.196	-284.799
1845.000	4.396	289.216	-284.820
1846.000	4.396	289.239	-284.843
1847.000	4.396	289.258	-284.862
1848.000	4.395	289.265	-284.870
1849.000	4.395	289.299	-284.904
1850.000	4.395	289.312	-284.917
1851.000	4.395	289.347	-284.952
1852.000	4.394	289.365	-284.971
1853.000	4.394	289.380	-284.986
1854.000	4.394	289.394	-285.000
1855.000	4.393	289.416	-285.023
1856.000	4.393	289.441	-285.048
1857.000	4.393	289.468	-285.075
1858.000	4.393	289.477	-285.084
1859.000	4.392	289.501	-285.109
1860.000	4.392	289.530	-285.138
1861.000	4.391	289.545	-285.154
1862.000	4.391	289.563	-285.172
1863.000	4.391	289.574	-285.183
1864.000	4.390	289.585	-285.195
1865.000	4.390	289.602	-285.212
1866.000	4.389	289.626	-285.237
1867.000	4.389	289.641	-285.252
1868.000	4.389	289.650	-285.261
1869.000	4.388	289.662	-285.274
1870.000	4.388	289.666	-285.278
1871.000	4.388	289.693	-285.305
1872.000	4.388	289.708	-285.321
1873.000	4.387	289.719	-285.332
1874.000	4.387	289.730	-285.343
1875.000	4.386	289.742	-285.356
1876.000	4.386	289.751	-285.365
1877.000	4.386	289.777	-285.391
1878.000	4.386	289.795	-285.409
1879.000	4.385	289.801	-285.416
1880.000	4.385	289.804	-285.419
1881.000	4.385	289.855	-285.470
1882.000	4.385	289.891	-285.506
1883.000	4.384	289.945	-285.561
1884.000	4.384	289.986	-285.602
1885.000	4.384	289.995	-285.611
1886.000	4.383	290.001	-285.618
1887.000	4.383	290.007	-285.624
1888.000	4.383	290.026	-285.643
1889.000	4.382	290.046	-285.664
1890.000	4.382	290.064	-285.682
1891.000	4.382	290.078	-285.696
1892.000	4.382	290.131	-285.749
1893.000	4.382	290.195	-285.813
1894.000	4.381	290.259	-285.877
1895.000	4.381	290.297	-285.916
1896.000	4.381	290.343	-285.962
1897.000	4.381	290.410	-286.029
1898.000	4.380	290.394	-286.014
1899.000	4.380	290.449	-286.069
1900.000	4.380	290.490	-286.110
1901.000	4.379	290.481	-286.102
1902.000	4.379	290.490	-286.111
1903.000	4.379	290.532	-286.153
1904.000	4.378	290.568	-286.190
1905.000	4.378	290.578	-286.200
1906.000	4.378	290.599	-286.221
1907.000	4.378	290.606	-286.228
1908.000	4.377	290.861	-286.484
1909.000	4.377	291.450	-287.073
1910.000	4.377	291.571	-287.194
1911.000	4.376	291.545	-287.169
1912.000	4.376	291.586	-287.210
1913.000	4.376	291.868	-287.492
1914.000	4.376	292.316	-287.940
1915.000	4.376	292.641	-288.265
1916.000	4.375	292.895	-288.520
1917.000	4.375	293.005	-288.630
1918.000	4.375	293.115	-288.740
1919.000	4.375	293.384	-289.010
1920.000	4.374	293.716	-289.342
1921.000	4.374	294.135	-289.761
1922.000	4.374	294.507	-290.133
1923.000	4.374	294.865	-290.491
1924.000	4.373	295.208	-290.835
1925.000	4.373	295.598	-291.225
1926.000	4.373	295.935	-291.562
1927.000	4.373	296.274	-291.901
1928.000	4.372	296.617	-292.245
1929.000	4.372	296.983	-292.611
1930.000	4.372	297.358	-292.986
1931.000	4.371	297.721	-293.350
1932.000	4.371	297.799	-293.428
1933.000	4.371	297.880	-293.509
1934.000	4.371	297.947	-293.576
1935.000	4.370	298.018	-293.648
1936.000	4.370	298.438	-294.068
1937.000	4.370	298.747	-294.377
1938.000	4.370	299.054	-294.684
1939.000	4.369	299.145	-294.776
1940.000	4.369	299.399	-295.030
1941.000	4.369	299.722	-295.353
1942.000	4.369	300.100	-295.732
1943.000	4.368	300.426	-296.058
1944.000	4.368	300.676	-296.308
1945.000	4.368	300.694	-296.326
1946.000	4.367	300.707	-296.340
1947.000	4.367	300.715	-296.348
1948.000	4.367	300.720	-296.353
1949.000	4.367	300.718	-296.351
1950.000	4.367	300.735	-296.369
1951.000	4.366	300.737	-296.371
1952.000	4.366	300.740	-296.374
1953.000	4.366	300.756	-296.390
1954.000	4.365	300.759	-296.394
1955.000	4.365	300.756	-296.391
1956.000	4.365	300.760	-296.395
1957.000	4.365	300.753	-296.388
1958.000	4.364	300.755	-296.391
1959.000	4.364	300.772	-296.408
1960.000	4.364	300.758	-296.394
1961.000	4.364	300.775	-296.411
1962.000	4.363	300.772	-296.409
1963.000	4.363	300.760	-296.397
1964.000	4.363	300.757	-296.394
1965.000	4.363	300.750	-296.387
1966.000	4.363	300.761	-296.398
1967.000	4.362	300.762	-296.400
1968.000	4.362	300.752	-296.390
1969.000	4.362	300.753	-296.391
1970.000	4.361	300.748	-296.387
1971.000	4.361	300.762	-296.401
1972.000	4.361	300.752	-296.391
1973.000	4.360	300.736	-296.376
1974.000	4.360	300.751	-296.391
1975.000	4.360	300.747	-296.387
1976.000	4.360	300.760	-296.400
1977.000	4.360	300.755	-296.395
1978.000	4.359	300.737	-296.378
1979.000	4.359	300.715	-296.356
1980.000	4.359	300.717	-296.358
1981.000	4.359	300.732	-296.373
1982.000	4.358	300.725	-296.367
1983.000	4.358	300.722	-296.364
1984.000	4.358	300.715	-296.357
1985.000	4.358	300.705	-296.347
1986.000	4.358	300.706	-296.348
1987.000	4.357	300.690	-296.333
1988.000	4.357	300.695	-296.338
1989.000	4.357	300.675	-296.318
1990.000	4.356	300.678	-296.322
1991.000	4.356	300.672	-296.316
1992.000	4.356	300.670	-296.314
1993.000	4.356	300.645	-296.289
1994.000	4.356	300.663	-296.308
1995.000	4.355	300.655	-296.300
1996.000	4.355	300.648	-296.293
1997.000	4.355	300.642	-296.287
1998.000	4.355	300.641	-296.286
1999.000	4.354	300.618	-296.264
2000.000	4.354	300.618	-296.264
2001.000	4.354	300.605	-296.251
2002.000	4.354	300.591	-296.237
2003.000	4.354	300.581	-296.227
2004.000	4.353	300.579	-296.226
2005.000	4.353	300.578	-296.225
2006.000	4.353	300.567	-296.214
2007.000	4.353	300.546	-296.193
2008.000	4.353	300.560	-296.207
2009.000	4.353	300.561	-296.208
2010.000	4.352	300.540	-296.188
2011.000	4.352	300.535	-296.183
2012.000	4.352	300.533	-296.181
2013.000	4.352	300.536	-296.184
2014.000	4.351	300.522	-296.171
2015.000	4.351	300.529	-296.178
2016.000	4.351	300.515	-296.164
2017.000	4.351	300.510	-296.159
2018.000	4.350	300.505	-296.155
2019.000	4.350	300.506	-296.156
2020.000	4.350	300.493	-296.143
2021.000	4.350	300.444	-296.094
2022.000	4.350	300.451	-296.101
2023.000	4.349	300.461	-296.112
2024.000	4.349	300.440	-296.091
2025.000	4.349	300.425	-296.076
2026.000	4.349	300.422	-296.073
2027.000	4.348	300.398	-296.050
2028.000	4.348	300.400	-296.052
2029.000	4.348	300.389	-296.041
2030.000	4.348	300.366	-296.018
2031.000	4.348	300.337	-295.989
2032.000	4.347	300.312	-295.965
2033.000	4.347	300.291	-295.944
2034.000	4.347	300.269	-295.922
2035.000	4.347	300.238	-295.891
2036.000	4.346	300.238	-295.892
2037.000	4.346	300.210	-295.864
2038.000	4.346	300.181	-295.835
2039.000	4.346	300.165	-295.819
2040.000	4.346	300.137	-295.791
2041.000	4.346	300.127	-295.781
2042.000	4.346	300.095	-295.750
2043.000	4.345	300.064	-295.719
2044.000	4.345	300.053	-295.708
2045.000	4.345	300.017	-295.672
2046.000	4.345	300.021	-295.677
2047.000	4.344	299.994	-295.650
2048.000	4.344	299.968	-295.624
2049.000	4.344	299.958	-295.614
2050.000	4.344	299.932	-295.588
2051.000	4.344	299.915	-295.571
2052.000	4.344	299.891	-295.547
2053.000	4.343	299.851	-295.508
2054.000	4.343	299.818	-295.475
2055.000	4.343	299.823	-295.480
2056.000	4.343	299.806	-295.463
2057.000	4.343	299.790	-295.447
2058.000	4.342	299.759	-295.417
2059.000	4.342	299.754	-295.412
2060.000	4.342	299.736	-295.394
2061.000	4.341	299.734	-295.392
2062.000	4.341	299.713	-295.372
2063.000	4.341	299.700	-295.359
2064.000	4.341	299.679	-295.338
2065.000	4.340	299.688	-295.347
2066.000	4.340	299.666	-295.326
2067.000	4.340	299.673	-295.333
2068.000	4.340	299.672	-295.332
2069.000	4.340	299.643	-295.303
2070.000	4.340	299.636	-295.296
2071.000	4.340	299.648	-295.309
2072.000	4.339	299.641	-295.302
2073.000	4.339	299.629	-295.290
2074.000	4.339	299.613	-295.274
2075.000	4.339	299.623	-295.284
2076.000	4.338	299.617	-295.279
2077.000	4.338	299.591	-295.253
2078.000	4.338	299.590	-295.252
2079.000	4.338	299.582	-295.244
2080.000	4.338	299.575	-295.237
2081.000	4.338	299.565	-295.227
2082.000	4.337	299.561	-295.224
2083.000	4.337	299.559	-295.222
2084.000	4.337	299.530	-295.193
2085.000	4.337	299.543	-295.206
2086.000	4.337	299.533	-295.196
2087.000	4.336	299.531	-295.195
2088.000	4.336	299.527	-295.191
2089.000	4.336	299.508	-295.172
2090.000	4.336	299.502	-295.166
2091.000	4.336	299.509	-295.173
2092.000	4.336	299.491	-295.155
2093.000	4.335	299.487	-295.152
2094.000	4.335	299.483	-295.148
2095.000	4.335	299.473	-295.138
2096.000	4.335	299.468	-295.133
2097.000	4.335	299.463	-295.128
2098.000	4.335	299.445	-295.110
2099.000	4.335	299.446	-295.111
2100.000	4.335	299.434	-295.099
2101.000	4.335	299.435	-295.100
2102.000	4.334	299.437	-295.103
2103.000	4.334	299.443	-295.109
2104.000	4.334	299.433	-295.099
2105.000	4.334	299.430	-295.096
2106.000	4.333	299.423	-295.089
2107.000	4.333	299.438	-295.104
2108.000	4.333	299.421	-295.088
2109.000	4.333	299.420	-295.087
2110.000	4.333	299.428	-295.095
2111.000	4.332	299.412	-295.080
2112.000	4.332	299.440	-295.108
2113.000	4.332	299.435	-295.103
2114.000	4.332	299.430	-295.098
2115.000	4.332	299.435	-295.103
2116.000	4.332	299.452	-295.120
2117.000	4.331	299.456	-295.125
2118.000	4.331	299.451	-295.120
2119.000	4.331	299.448	-295.117
2120.000	4.331	299.451	-295.120
2121.000	4.330	299.453	-295.123
2122.000	4.330	299.457	-295.127
2123.000	4.330	299.461	-295.131
2124.000	4.330	299.452	-295.122
2125.000	4.330	299.462	-295.132
2126.000	4.330	299.464	-295.134
2127.000	4.330	299.466	-295.136
2128.000	4.330	299.463	-295.134
2129.000	4.329	299.463	-295.134
2130.000	4.329	299.465	-295.136
2131.000	4.329	299.456	-295.127
2132.000	4.329	299.463	-295.134
2133.000	4.329	299.457	-295.128
2134.000	4.329	299.451	-295.122
2135.000	4.328	299.445	-295.117
2136.000	4.328	299.449	-295.121
2137.000	4.328	299.452	-295.124
2138.000	4.328	299.441	-295.113
2139.000	4.328	299.432	-295.104
2140.000	4.327	299.425	-295.098
2141.000	4.327	299.418	-295.091
2142.000	4.327	299.408	-295.081
2143.000	4.327	299.405	-295.078
2144.000	4.327	299.393	-295.066
2145.000	4.326	299.393	-295.067
2146.000	4.326	299.393	-295.067
2147.000	4.326	299.377	-295.051
2148.000	4.326	299.385	-295.059
2149.000	4.326	299.377	-295.051
2150.000	4.325	299.362	-295.037
2151.000	4.325	299.354	-295.029
2152.000	4.325	299.352	-295.027
2153.000	4.325	299.344	-295.019
2154.000	4.324	299.331	-295.007
2155.000	4.324	299.326	-295.002
2156.000	4.324	299.308	-294.984
2157.000	4.324	299.312	-294.988
2158.000	4.324	299.319	-294.995
2159.000	4.324	299.317	-294.993
2160.000	4.324	299.326	-295.002
2161.000	4.323	299.310	-294.987
2162.000	4.323	299.315	-294.992
2163.000	4.323	299.312	-294.989
2164.000	4.323	299.302	-294.979
2165.000	4.322	299.278	-294.956
2166.000	4.322	299.277	-294.955
2167.000	4.322	299.254	-294.932
2168.000	4.322	299.262	-294.940
2169.000	4.322	299.248	-294.926
2170.000	4.321	299.244	-294.923
2171.000	4.321	299.238	-294.917
2172.000	4.321	299.230	-294.909
2173.000	4.321	299.223	-294.902
2174.000	4.321	299.211	-294.891
2175.000	4.321	299.206	-294.886
2176.000	4.320	299.208	-294.888
2177.000	4.320	299.197	-294.877
2178.000	4.320	299.187	-294.867
2179.000	4.320	299.191	-294.871
2180.000	4.319	299.208	-294.889
2181.000	4.319	299.200	-294.881
2182.000	4.319	299.196	-294.877
2183.000	4.319	299.206	-294.887
2184.000	4.319	299.212	-294.893
2185.000	4.319	299.209	-294.890
2186.000	4.319	299.202	-294.883
2187.000	4.318	299.201	-294.883
2188.000	4.318	299.195	-294.877
2189.000	4.318	299.197	-294.879
2190.000	4.318	299.207	-294.889
2191.000	4.318	299.201	-294.883
2192.000	4.317	299.205	-294.888
2193.000	4.317	299.199	-294.882
2194.000	4.317	299.201	-294.884
2195.000	4.317	299.206	-294.889
2196.000	4.317	299.197	-294.880
2197.000	4.317	299.190	-294.873
2198.000	4.317	299.199	-294.882
2199.000	4.317	299.212	-294.895
2200.000	4.316	299.226	-294.910
2201.000	4.316	299.223	-294.907
2202.000	4.316	299.207	-294.891
2203.000	4.316	299.209	-294.893
2204.000	4.316	299.208	-294.892
2205.000	4.316	299.235	-294.919
2206.000	4.316	299.256	-294.940
2207.000	4.315	299.228	-294.913
2208.000	4.315	299.240	-294.925
2209.000	4.315	299.230	-294.915
2210.000	4.315	299.242	-294.927
2211.000	4.315	299.233	-294.918
2212.000	4.314	299.225	-294.911
2213.000	4.314	299.225	-294.911
2214.000	4.314	299.225	-294.911
2215.000	4.314	299.217	-294.903
2216.000	4.314	299.204	-294.890
2217.000	4.314	299.196	-294.882
2218.000	4.313	299.193	-294.880
2219.000	4.313	299.188	-294.875
2220.000	4.313	299.184	-294.871
2221.000	4.313	299.175	-294.862
2222.000	4.313	299.181	-294.868
2223.000	4.313	299.172	-294.859
2224.000	4.312	299.151	-294.839
2225.000	4.312	299.150	-294.838
2226.000	4.312	299.152	-294.840
2227.000	4.312	299.146	-294.834
2228.000	4.312	299.139	-294.827
2229.000	4.312	299.137	-294.825
2230.000	4.311	299.129	-294.817
2231.000	4.311	299.115	-294.804
2232.000	4.311	299.118	-294.807
2233.000	4.311	299.122	-294.811
2234.000	4.311	299.107	-294.796
2235.000	4.311	299.103	-294.792
2236.000	4.311	299.103	-294.792
2237.000	4.310	299.091	-294.781
2238.000	4.310	299.087	-294.777
2239.000	4.310	299.081	-294.771
2240.000	4.310	299.074	-294.764
2241.000	4.310	299.072	-294.762
2242.000	4.310	299.065	-294.755
2243.000	4.310	299.059	-294.749
2244.000	4.310	299.059	-294.749
2245.000	4.309	299.055	-294.746
2246.000	4.309	299.046	-294.737
2247.000	4.309	299.050	-294.741
2248.000	4.309	299.043	-294.734
2249.000	4.309	299.032	-294.723
2250.000	4.309	299.036	-294.727
2251.000	4.309	299.030	-294.721
2252.000	4.309	299.031	-294.722
2253.000	4.309	299.025	-294.716
2254.000	4.308	299.020	-294.712
2255.000	4.308	299.017	-294.709
2256.000	4.308	299.011	-294.703
2257.000	4.308	299.013	-294.705
2258.000	4.308	299.013	-294.705
2259.000	4.308	299.002	-294.694
2260.000	4.308	298.995	-294.687
2261.000	4.308	298.990	-294.682
2262.000	4.308	298.962	-294.654
2263.000	4.308	298.974	-294.666
2264.000	4.308	298.977	-294.669
2265.000	4.308	298.972	-294.664
2266.000	4.307	298.970	-294.663
2267.000	4.307	298.958	-294.651
