0.000	0.000	0.000	0.000
0.000	301.307	301.307	0.000
0.000	301.302	301.302	0.000
1.000	301.296	301.296	0.000
2.000	301.298	301.298	0.000
3.000	301.312	301.312	0.000
4.000	301.315	301.315	0.000
5.000	301.309	301.309	0.000
6.000	301.305	301.305	0.000
7.000	301.249	301.249	0.000
8.000	301.203	301.203	0.000
9.000	301.190	301.190	0.000
10.000	301.141	301.141	0.000
11.000	301.100	301.100	0.000
12.000	301.049	301.049	0.000
13.000	300.991	300.991	0.000
14.000	300.941	300.941	0.000
15.000	300.863	300.863	0.000
16.000	300.764	300.764	0.000
17.000	300.668	300.668	0.000
18.000	300.571	300.571	0.000
19.000	300.487	300.487	0.000
20.000	300.374	300.374	0.000
21.000	300.278	300.278	0.000
22.000	300.155	300.155	0.000
23.000	300.077	300.077	0.000
24.000	299.943	299.943	0.000
25.000	299.855	299.855	0.000
26.000	299.693	299.693	0.000
27.000	299.566	299.566	0.000
28.000	299.408	299.408	0.000
29.000	299.259	299.259	0.000
30.000	299.113	299.113	0.000
31.000	298.984	298.984	0.000
32.000	298.824	298.824	0.000
33.000	298.665	298.665	0.000
34.000	298.506	298.506	0.000
35.000	298.360	298.358	0.002
36.000	298.212	298.212	0.000
37.000	298.062	298.059	0.003
38.000	297.890	297.886	0.004
39.000	297.701	297.699	0.002
40.000	297.518	297.515	0.003
41.000	297.335	297.331	0.004
42.000	297.155	297.152	0.003
43.000	296.974	296.971	0.003
44.000	296.798	296.794	0.004
45.000	296.619	296.616	0.003
46.000	296.440	296.436	0.004
47.000	296.257	296.253	0.004
48.000	296.074	296.070	0.004
49.000	295.892	295.888	0.004
50.000	295.722	295.718	0.004
51.000	295.523	295.519	0.004
52.000	295.326	295.323	0.003
53.000	295.130	295.127	0.003
54.000	294.941	294.940	0.001
55.000	294.758	294.754	0.004
56.000	294.560	294.556	0.004
57.000	294.379	294.375	0.004
58.000	294.173	294.170	0.003
59.000	293.968	293.964	0.004
60.000	293.769	293.768	0.001
61.000	293.581	293.579	0.002
62.000	293.372	293.368	0.004
63.000	293.166	293.162	0.004
64.000	292.961	292.959	0.002
65.000	292.748	292.744	0.004
66.000	292.542	292.539	0.003
67.000	292.341	292.337	0.004
68.000	292.136	292.132	0.004
69.000	291.930	291.926	0.004
70.000	291.721	291.717	0.004
71.000	291.541	291.536	0.005
72.000	291.339	291.335	0.004
73.000	291.148	291.143	0.005
74.000	290.934	290.930	0.004
75.000	290.710	290.705	0.005
76.000	290.495	290.490	0.005
77.000	290.322	290.318	0.004
78.000	290.106	290.101	0.005
79.000	289.879	289.875	0.004
80.000	289.701	289.696	0.005
81.000	289.470	289.468	0.002
82.000	289.252	289.247	0.005
83.000	289.067	289.067	0.000
84.000	288.830	288.830	0.000
85.000	288.625	288.620	0.005
86.000	288.399	288.395	0.004
87.000	288.194	288.194	0.000
88.000	288.030	288.030	0.000
89.000	287.847	287.847	0.000
90.000	287.639	287.639	0.000
91.000	287.428	287.428	0.000
92.000	287.213	287.213	0.000
93.000	287.003	287.003	0.000
94.000	286.790	286.790	0.000
95.000	286.580	286.580	0.000
96.000	286.365	286.365	0.000
97.000	286.148	286.148	0.000
98.000	285.932	285.932	0.000
99.000	285.726	285.726	0.000
100.000	285.501	285.501	0.000
101.000	285.279	285.279	0.000
102.000	285.061	285.061	0.000
103.000	284.858	284.858	0.000
104.000	284.652	284.652	0.000
105.000	284.444	284.444	0.000
106.000	284.229	284.229	0.000
107.000	284.002	284.002	0.000
108.000	283.788	283.788	0.000
109.000	283.569	283.569	0.000
110.000	283.310	283.310	0.000
111.000	283.117	283.117	0.000
112.000	282.911	282.911	0.000
113.000	282.709	282.709	0.000
114.000	282.502	282.502	0.000
115.000	282.282	282.282	0.000
116.000	282.061	282.061	0.000
117.000	281.855	281.855	0.000
118.000	281.647	281.647	0.000
119.000	281.431	281.431	0.000
120.000	281.221	281.221	0.000
121.000	281.003	281.003	0.000
122.000	280.787	280.787	0.000
123.000	280.568	280.568	0.000
124.000	280.352	280.352	0.000
125.000	280.140	280.140	0.000
126.000	279.903	279.903	0.000
127.000	279.641	279.641	0.000
128.000	279.444	279.444	0.000
129.000	279.260	279.260	0.000
130.000	279.061	279.061	0.000
131.000	278.852	278.852	0.000
132.000	278.638	278.638	0.000
133.000	278.426	278.426	0.000
134.000	278.209	278.209	0.000
135.000	277.991	277.991	0.000
136.000	277.777	277.777	0.000
137.000	277.556	277.556	0.000
138.000	277.340	277.340	0.000
139.000	277.122	277.122	0.000
140.000	276.904	276.904	0.000
141.000	276.689	276.689	0.000
142.000	276.470	276.470	0.000
143.000	276.253	276.253	0.000
144.000	276.034	276.034	0.000
145.000	275.815	275.815	0.000
146.000	275.601	275.601	0.000
147.000	275.382	275.382	0.000
148.000	275.164	275.164	0.000
149.000	274.913	274.913	0.000
150.000	274.717	274.717	0.000
151.000	274.510	274.510	0.000
152.000	274.301	274.301	0.000
153.000	274.086	274.086	0.000
154.000	273.874	273.874	0.000
155.000	273.655	273.655	0.000
156.000	273.430	273.430	0.000
157.000	273.212	273.212	0.000
158.000	273.008	273.008	0.000
159.000	272.795	272.795	0.000
160.000	272.578	272.578	0.000
161.000	272.355	272.355	0.000
162.000	272.139	272.139	0.000
163.000	271.926	271.926	0.000
164.000	271.675	271.675	0.000
165.000	271.421	271.421	0.000
166.000	271.235	271.235	0.000
167.000	271.007	271.007	0.000
168.000	270.767	270.767	0.000
169.000	270.559	270.559	0.000
170.000	270.368	270.368	0.000
171.000	270.167	270.167	0.000
172.000	269.961	269.961	0.000
173.000	269.730	269.730	0.000
174.000	269.462	269.462	0.000
175.000	269.232	269.232	0.000
176.000	269.061	269.061	0.000
177.000	268.870	268.870	0.000
178.000	268.664	268.664	0.000
179.000	268.451	268.451	0.000
180.000	268.223	268.223	0.000
181.000	268.016	268.016	0.000
182.000	267.804	267.804	0.000
183.000	267.587	267.587	0.000
184.000	267.374	267.374	0.000
185.000	267.156	267.156	0.000
186.000	266.939	266.939	0.000
187.000	266.723	266.723	0.000
188.000	266.479	266.479	0.000
189.000	266.212	266.212	0.000
190.000	265.972	265.972	0.000
191.000	265.781	265.781	0.000
192.000	265.537	265.537	0.000
193.000	265.307	265.307	0.000
194.000	265.082	265.082	0.000
195.000	264.861	264.861	0.000
196.000	264.641	264.641	0.000
197.000	264.420	264.420	0.000
198.000	264.205	264.205	0.000
199.000	263.981	263.981	0.000
200.000	263.769	263.769	0.000
201.000	263.557	263.557	0.000
202.000	263.334	263.334	0.000
203.000	263.114	263.114	0.000
204.000	262.896	262.896	0.000
205.000	262.679	262.679	0.000
206.000	262.492	262.492	0.000
207.000	262.260	262.260	0.000
208.000	262.036	262.036	0.000
209.000	261.817	261.817	0.000
210.000	261.593	261.593	0.000
211.000	261.370	261.370	0.000
212.000	261.148	261.148	0.000
213.000	260.930	260.930	0.000
214.000	260.731	260.731	0.000
215.000	260.557	260.557	0.000
216.000	260.357	260.357	0.000
217.000	260.144	260.144	0.000
218.000	259.925	259.925	0.000
219.000	259.704	259.704	0.000
220.000	259.483	259.483	0.000
221.000	259.260	259.260	0.000
222.000	259.037	259.037	0.000
223.000	258.812	258.812	0.000
224.000	258.589	258.589	0.000
225.000	258.369	258.369	0.000
226.000	258.148	258.148	0.000
227.000	257.930	257.930	0.000
228.000	257.710	257.710	0.000
229.000	257.490	257.490	0.000
230.000	257.268	257.268	0.000
231.000	257.048	257.048	0.000
232.000	256.775	256.775	0.000
233.000	256.520	256.520	0.000
234.000	256.282	256.282	0.000
235.000	256.052	256.052	0.000
236.000	255.825	255.825	0.000
237.000	255.601	255.601	0.000
238.000	255.382	255.382	0.000
239.000	255.193	255.193	0.000
240.000	254.947	254.947	0.000
241.000	254.713	254.713	0.000
242.000	254.492	254.492	0.000
243.000	254.321	254.321	0.000
244.000	254.121	254.121	0.000
245.000	253.908	253.908	0.000
246.000	253.693	253.689	0.004
247.000	253.471	253.466	0.005
248.000	253.247	253.242	0.005
249.000	253.023	253.019	0.004
250.000	252.802	252.797	0.005
251.000	252.580	252.576	0.004
252.000	252.358	252.354	0.004
253.000	252.136	252.131	0.005
254.000	251.911	251.907	0.004
255.000	251.687	251.683	0.004
256.000	251.463	251.459	0.004
257.000	251.213	251.207	0.006
258.000	250.943	250.938	0.005
259.000	250.697	250.693	0.004
260.000	250.464	250.460	0.004
261.000	250.273	250.270	0.003
262.000	250.059	250.054	0.005
263.000	249.805	249.800	0.005
264.000	249.565	249.560	0.005
265.000	249.335	249.331	0.004
266.000	249.106	249.102	0.004
267.000	248.878	248.874	0.004
268.000	248.650	248.646	0.004
269.000	248.422	248.418	0.004
270.000	248.194	248.189	0.005
271.000	247.966	247.963	0.003
272.000	247.739	247.734	0.005
273.000	247.510	247.506	0.004
274.000	247.286	247.282	0.004
275.000	247.067	247.062	0.005
276.000	246.892	246.889	0.003
277.000	246.657	246.652	0.005
278.000	246.410	246.405	0.005
279.000	246.179	246.175	0.004
280.000	245.948	245.944	0.004
281.000	245.723	245.719	0.004
282.000	245.496	245.492	0.004
283.000	245.272	245.267	0.005
284.000	245.048	245.043	0.005
285.000	244.819	244.815	0.004
286.000	244.594	244.589	0.005
287.000	244.367	244.363	0.004
288.000	244.139	244.134	0.005
289.000	243.911	243.906	0.005
290.000	243.683	243.678	0.005
291.000	243.455	243.450	0.005
292.000	243.227	243.225	0.002
293.000	243.013	243.008	0.005
294.000	242.777	242.772	0.005
295.000	242.544	242.539	0.005
296.000	242.317	242.317	0.000
297.000	242.092	242.092	0.000
298.000	241.866	241.866	0.000
299.000	241.640	241.640	0.000
300.000	241.413	241.413	0.000
301.000	241.185	241.185	0.000
302.000	240.957	240.957	0.000
303.000	240.731	240.731	0.000
304.000	240.504	240.504	0.000
305.000	240.276	240.276	0.000
306.000	240.060	240.060	0.000
307.000	239.826	239.826	0.000
308.000	239.595	239.595	0.000
309.000	239.368	239.368	0.000
310.000	239.138	239.138	0.000
311.000	238.909	238.909	0.000
312.000	238.702	238.702	0.000
313.000	238.460	238.460	0.000
314.000	238.227	238.227	0.000
315.000	237.996	237.996	0.000
316.000	237.763	237.763	0.000
317.000	237.536	237.536	0.000
318.000	237.309	237.309	0.000
319.000	237.081	237.081	0.000
320.000	236.854	236.854	0.000
321.000	236.634	236.634	0.000
322.000	236.404	236.404	0.000
323.000	236.175	236.175	0.000
324.000	235.947	235.947	0.000
325.000	235.722	235.722	0.000
326.000	235.491	235.491	0.000
327.000	235.262	235.262	0.000
328.000	235.034	235.034	0.000
329.000	234.806	234.806	0.000
330.000	234.587	234.587	0.000
331.000	234.383	234.383	0.000
332.000	234.135	234.135	0.000
333.000	233.898	233.898	0.000
334.000	233.669	233.669	0.000
335.000	233.432	233.432	0.000
336.000	233.197	233.197	0.000
337.000	232.963	232.963	0.000
338.000	232.732	232.732	0.000
339.000	232.511	232.511	0.000
340.000	232.317	232.317	0.000
341.000	232.079	232.079	0.000
342.000	231.846	231.846	0.000
343.000	231.606	231.606	0.000
344.000	231.375	231.375	0.000
345.000	231.138	231.138	0.000
346.000	230.913	230.913	0.000
347.000	230.682	230.682	0.000
348.000	230.476	230.476	0.000
349.000	230.236	230.236	0.000
350.000	230.008	230.008	0.000
351.000	229.772	229.772	0.000
352.000	229.536	229.536	0.000
353.000	229.301	229.301	0.000
354.000	229.070	229.070	0.000
355.000	228.847	228.847	0.000
356.000	228.618	228.618	0.000
357.000	228.411	228.411	0.000
358.000	228.157	228.157	0.000
359.000	227.951	227.951	0.000
360.000	227.741	227.741	0.000
361.000	227.520	227.520	0.000
362.000	227.298	227.298	0.000
363.000	227.073	227.073	0.000
364.000	226.849	226.849	0.000
365.000	226.621	226.621	0.000
366.000	226.347	226.347	0.000
367.000	226.096	226.096	0.000
368.000	225.855	225.855	0.000
369.000	225.620	225.620	0.000
370.000	225.387	225.387	0.000
371.000	225.156	225.156	0.000
372.000	224.939	224.939	0.000
373.000	224.716	224.716	0.000
374.000	224.485	224.485	0.000
375.000	224.252	224.252	0.000
376.000	224.020	224.020	0.000
377.000	223.796	223.796	0.000
378.000	223.559	223.559	0.000
379.000	223.348	223.348	0.000
380.000	223.131	223.131	0.000
381.000	222.893	222.893	0.000
382.000	222.659	222.659	0.000
383.000	222.423	222.423	0.000
384.000	222.197	222.197	0.000
385.000	221.966	221.966	0.000
386.000	221.735	221.735	0.000
387.000	221.500	221.500	0.000
388.000	221.273	221.273	0.000
389.000	221.043	221.043	0.000
390.000	220.813	220.813	0.000
391.000	220.582	220.582	0.000
392.000	220.350	220.350	0.000
393.000	220.120	220.120	0.000
394.000	219.885	219.885	0.000
395.000	219.648	219.648	0.000
396.000	219.415	219.415	0.000
397.000	219.188	219.188	0.000
398.000	218.959	218.959	0.000
399.000	218.726	218.726	0.000
400.000	218.495	218.495	0.000
401.000	218.259	218.259	0.000
402.000	218.026	218.026	0.000
403.000	217.790	217.790	0.000
404.000	217.565	217.565	0.000
405.000	217.349	217.349	0.000
406.000	217.111	217.111	0.000
407.000	216.871	216.871	0.000
408.000	216.639	216.639	0.000
409.000	216.399	216.399	0.000
410.000	216.162	216.162	0.000
411.000	215.940	215.940	0.000
412.000	215.704	215.704	0.000
413.000	215.469	215.469	0.000
414.000	215.226	215.226	0.000
415.000	215.002	215.002	0.000
416.000	214.772	214.772	0.000
417.000	214.545	214.545	0.000
418.000	214.313	214.313	0.000
419.000	214.077	214.077	0.000
420.000	213.837	213.837	0.000
421.000	213.601	213.601	0.000
422.000	213.373	213.373	0.000
423.000	213.124	213.124	0.000
424.000	212.890	212.890	0.000
425.000	212.649	212.649	0.000
426.000	212.420	212.420	0.000
427.000	212.197	212.197	0.000
428.000	211.968	211.968	0.000
429.000	211.737	211.737	0.000
430.000	211.498	211.498	0.000
431.000	211.270	211.270	0.000
432.000	211.029	211.029	0.000
433.000	210.800	210.800	0.000
434.000	210.553	210.553	0.000
435.000	210.322	210.322	0.000
436.000	210.095	210.095	0.000
437.000	209.857	209.857	0.000
438.000	209.634	209.634	0.000
439.000	209.387	209.387	0.000
440.000	209.155	209.155	0.000
441.000	208.928	208.928	0.000
442.000	208.686	208.686	0.000
443.000	208.461	208.461	0.000
444.000	208.213	208.213	0.000
445.000	207.981	207.981	0.000
446.000	207.751	207.751	0.000
447.000	207.514	207.514	0.000
448.000	207.286	207.286	0.000
449.000	207.052	207.052	0.000
450.000	206.817	206.817	0.000
451.000	206.593	206.593	0.000
452.000	206.363	206.363	0.000
453.000	206.130	206.130	0.000
454.000	205.885	205.885	0.000
455.000	205.648	205.648	0.000
456.000	205.419	205.419	0.000
457.000	205.178	205.178	0.000
458.000	204.943	204.938	0.005
459.000	204.714	204.709	0.005
460.000	204.479	204.474	0.005
461.000	204.248	204.244	0.004
462.000	204.012	204.008	0.004
463.000	203.776	203.771	0.005
464.000	203.548	203.544	0.004
465.000	203.310	203.305	0.005
466.000	203.071	203.071	0.000
467.000	202.847	202.843	0.004
468.000	202.608	202.603	0.005
469.000	202.376	202.371	0.005
470.000	202.142	202.137	0.005
471.000	201.898	201.893	0.005
472.000	201.667	201.662	0.005
473.000	201.441	201.437	0.004
474.000	201.210	201.206	0.004
475.000	200.977	200.973	0.004
476.000	200.746	200.741	0.005
477.000	200.508	200.503	0.005
478.000	200.272	200.268	0.004
479.000	200.033	200.029	0.004
480.000	199.797	199.792	0.005
481.000	199.565	199.561	0.004
482.000	199.328	199.323	0.005
483.000	199.080	199.075	0.005
484.000	198.850	198.845	0.005
485.000	198.610	198.605	0.005
486.000	198.371	198.366	0.005
487.000	198.139	198.134	0.005
488.000	197.881	197.875	0.006
489.000	197.646	197.642	0.004
490.000	197.428	197.424	0.004
491.000	197.202	197.197	0.005
492.000	196.969	196.965	0.004
493.000	196.741	196.737	0.004
494.000	196.507	196.502	0.005
495.000	196.266	196.262	0.004
496.000	196.035	196.030	0.005
497.000	195.800	195.795	0.005
498.000	195.560	195.555	0.005
499.000	195.326	195.321	0.005
500.000	195.092	195.088	0.004
501.000	194.849	194.844	0.005
502.000	194.616	194.612	0.004
503.000	194.384	194.384	0.000
504.000	194.150	194.145	0.005
505.000	193.921	193.921	0.000
506.000	193.684	193.679	0.005
507.000	193.441	193.441	0.000
508.000	193.203	193.203	0.000
509.000	192.963	192.963	0.000
510.000	192.724	192.724	0.000
511.000	192.485	192.485	0.000
512.000	192.252	192.252	0.000
513.000	192.018	192.018	0.000
514.000	191.784	191.784	0.000
515.000	191.550	191.550	0.000
516.000	191.314	191.314	0.000
517.000	191.078	191.078	0.000
518.000	190.843	190.843	0.000
519.000	190.608	190.608	0.000
520.000	190.372	190.372	0.000
521.000	190.138	190.138	0.000
522.000	189.902	189.902	0.000
523.000	189.666	189.666	0.000
524.000	189.429	189.429	0.000
525.000	189.206	189.206	0.000
526.000	188.974	188.974	0.000
527.000	188.739	188.739	0.000
528.000	188.489	188.489	0.000
529.000	188.243	188.243	0.000
530.000	188.000	188.000	0.000
531.000	187.759	187.759	0.000
532.000	187.519	187.519	0.000
533.000	187.284	187.284	0.000
534.000	187.049	187.049	0.000
535.000	186.815	186.815	0.000
536.000	186.580	186.580	0.000
537.000	186.344	186.344	0.000
538.000	186.107	186.107	0.000
539.000	185.872	185.872	0.000
540.000	185.637	185.637	0.000
541.000	185.400	185.400	0.000
542.000	185.163	185.163	0.000
543.000	184.925	184.925	0.000
544.000	184.687	184.687	0.000
545.000	184.449	184.449	0.000
546.000	184.211	184.211	0.000
547.000	183.970	183.970	0.000
548.000	183.730	183.730	0.000
549.000	183.491	183.491	0.000
550.000	183.252	183.252	0.000
551.000	183.013	183.013	0.000
552.000	182.773	182.773	0.000
553.000	182.534	182.534	0.000
554.000	182.298	182.298	0.000
555.000	182.063	182.063	0.000
556.000	181.829	181.829	0.000
557.000	181.593	181.593	0.000
558.000	181.357	181.357	0.000
559.000	181.120	181.120	0.000
560.000	180.883	180.883	0.000
561.000	180.646	180.646	0.000
562.000	180.409	180.409	0.000
563.000	180.172	180.172	0.000
564.000	179.933	179.933	0.000
565.000	179.695	179.695	0.000
566.000	179.458	179.458	0.000
567.000	179.221	179.221	0.000
568.000	178.982	178.982	0.000
569.000	178.743	178.743	0.000
570.000	178.502	178.502	0.000
571.000	178.262	178.262	0.000
572.000	178.020	178.020	0.000
573.000	177.779	177.779	0.000
574.000	177.536	177.536	0.000
575.000	177.299	177.299	0.000
576.000	177.063	177.063	0.000
577.000	176.827	176.827	0.000
578.000	176.590	176.590	0.000
579.000	176.354	176.354	0.000
580.000	176.116	176.116	0.000
581.000	175.879	175.879	0.000
582.000	175.641	175.641	0.000
583.000	175.403	175.403	0.000
584.000	175.164	175.164	0.000
585.000	174.926	174.926	0.000
586.000	174.687	174.687	0.000
587.000	174.447	174.447	0.000
588.000	174.207	174.207	0.000
589.000	173.967	173.967	0.000
590.000	173.726	173.726	0.000
591.000	173.487	173.487	0.000
592.000	173.243	173.243	0.000
593.000	172.983	172.983	0.000
594.000	172.733	172.733	0.000
595.000	172.490	172.490	0.000
596.000	172.251	172.251	0.000
597.000	172.013	172.013	0.000
598.000	171.775	171.775	0.000
599.000	171.538	171.538	0.000
600.000	171.301	171.301	0.000
601.000	171.064	171.064	0.000
602.000	170.827	170.827	0.000
603.000	170.587	170.587	0.000
604.000	170.348	170.348	0.000
605.000	170.108	170.108	0.000
606.000	169.868	169.868	0.000
607.000	169.627	169.627	0.000
608.000	169.386	169.386	0.000
609.000	169.144	169.144	0.000
610.000	168.902	168.902	0.000
611.000	168.660	168.660	0.000
612.000	168.418	168.418	0.000
613.000	168.176	168.176	0.000
614.000	167.934	167.934	0.000
615.000	167.697	167.697	0.000
616.000	167.459	167.459	0.000
617.000	167.221	167.221	0.000
618.000	166.983	166.983	0.000
619.000	166.745	166.745	0.000
620.000	166.506	166.506	0.000
621.000	166.267	166.267	0.000
622.000	166.028	166.028	0.000
623.000	165.788	165.788	0.000
624.000	165.547	165.547	0.000
625.000	165.309	165.309	0.000
626.000	165.069	165.069	0.000
627.000	164.827	164.827	0.000
628.000	164.585	164.585	0.000
629.000	164.344	164.344	0.000
630.000	164.101	164.101	0.000
631.000	163.857	163.857	0.000
632.000	163.613	163.613	0.000
633.000	163.372	163.372	0.000
634.000	163.132	163.132	0.000
635.000	162.894	162.894	0.000
636.000	162.655	162.655	0.000
637.000	162.416	162.416	0.000
638.000	162.177	162.177	0.000
639.000	161.937	161.937	0.000
640.000	161.697	161.697	0.000
641.000	161.456	161.456	0.000
642.000	161.214	161.214	0.000
643.000	160.972	160.972	0.000
644.000	160.731	160.731	0.000
645.000	160.490	160.490	0.000
646.000	160.247	160.247	0.000
647.000	160.006	160.006	0.000
648.000	159.766	159.766	0.000
649.000	159.524	159.524	0.000
650.000	159.282	159.282	0.000
651.000	159.035	159.035	0.000
652.000	158.793	158.793	0.000
653.000	158.552	158.552	0.000
654.000	158.312	158.312	0.000
655.000	158.072	158.072	0.000
656.000	157.846	157.846	0.000
657.000	157.600	157.600	0.000
658.000	157.357	157.357	0.000
659.000	157.114	157.114	0.000
660.000	156.871	156.871	0.000
661.000	156.628	156.628	0.000
662.000	156.385	156.385	0.000
663.000	156.147	156.142	0.005
664.000	155.902	155.898	0.004
665.000	155.661	155.656	0.005
666.000	155.412	155.412	0.000
667.000	155.174	155.169	0.005
668.000	154.929	154.924	0.005
669.000	154.685	154.680	0.005
670.000	154.440	154.435	0.005
671.000	154.200	154.196	0.004
672.000	153.961	153.956	0.005
673.000	153.719	153.714	0.005
674.000	153.479	153.474	0.005
675.000	153.238	153.233	0.005
676.000	152.996	152.991	0.005
677.000	152.753	152.748	0.005
678.000	152.507	152.502	0.005
679.000	152.263	152.258	0.005
680.000	152.019	152.014	0.005
681.000	151.773	151.768	0.005
682.000	151.530	151.525	0.005
683.000	151.286	151.281	0.005
684.000	151.042	151.037	0.005
685.000	150.799	150.794	0.005
686.000	150.553	150.549	0.004
687.000	150.308	150.303	0.005
688.000	150.060	150.055	0.005
689.000	149.820	149.815	0.005
690.000	149.579	149.574	0.005
691.000	149.338	149.334	0.004
692.000	149.098	149.093	0.005
693.000	148.856	148.852	0.004
694.000	148.611	148.606	0.005
695.000	148.370	148.365	0.005
696.000	148.126	148.122	0.004
697.000	147.883	147.878	0.005
698.000	147.639	147.635	0.004
699.000	147.392	147.387	0.005
700.000	147.147	147.143	0.004
701.000	146.901	146.896	0.005
702.000	146.655	146.651	0.004
703.000	146.408	146.403	0.005
704.000	146.162	146.157	0.005
705.000	145.914	145.909	0.005
706.000	145.666	145.661	0.005
707.000	145.421	145.416	0.005
708.000	145.185	145.180	0.005
709.000	144.946	144.941	0.005
710.000	144.705	144.700	0.005
711.000	144.462	144.457	0.005
712.000	144.217	144.212	0.005
713.000	143.975	143.975	0.000
714.000	143.730	143.726	0.004
715.000	143.485	143.485	0.000
716.000	143.240	143.240	0.000
717.000	142.995	142.995	0.000
718.000	142.749	142.749	0.000
719.000	142.502	142.502	0.000
720.000	142.254	142.254	0.000
721.000	142.007	142.007	0.000
722.000	141.760	141.760	0.000
723.000	141.516	141.516	0.000
724.000	141.266	141.266	0.000
725.000	141.011	141.011	0.000
726.000	140.766	140.766	0.000
727.000	140.520	140.520	0.000
728.000	140.276	140.276	0.000
729.000	140.032	140.032	0.000
730.000	139.786	139.786	0.000
731.000	139.541	139.541	0.000
732.000	139.295	139.295	0.000
733.000	139.050	139.050	0.000
734.000	138.802	138.802	0.000
735.000	138.557	138.557	0.000
736.000	138.310	138.310	0.000
737.000	138.061	138.061	0.000
738.000	137.812	137.812	0.000
739.000	137.564	137.564	0.000
740.000	137.315	137.315	0.000
741.000	137.064	137.064	0.000
742.000	136.814	136.814	0.000
743.000	136.562	136.562	0.000
744.000	136.318	136.318	0.000
745.000	136.074	136.074	0.000
746.000	135.829	135.829	0.000
747.000	135.583	135.583	0.000
748.000	135.338	135.338	0.000
749.000	135.093	135.093	0.000
750.000	134.846	134.846	0.000
751.000	134.599	134.599	0.000
752.000	134.351	134.351	0.000
753.000	134.104	134.104	0.000
754.000	133.856	133.856	0.000
755.000	133.609	133.609	0.000
756.000	133.361	133.361	0.000
757.000	133.111	133.111	0.000
758.000	132.860	132.860	0.000
759.000	132.610	132.610	0.000
760.000	132.359	132.359	0.000
761.000	132.106	132.106	0.000
762.000	131.859	131.859	0.000
763.000	131.614	131.614	0.000
764.000	131.368	131.368	0.000
765.000	131.123	131.123	0.000
766.000	130.876	130.876	0.000
767.000	130.629	130.629	0.000
768.000	130.382	130.382	0.000
769.000	130.134	130.134	0.000
770.000	129.885	129.885	0.000
771.000	129.637	129.637	0.000
772.000	129.388	129.388	0.000
773.000	129.137	129.137	0.000
774.000	128.888	128.888	0.000
775.000	128.637	128.637	0.000
776.000	128.386	128.386	0.000
777.000	128.135	128.135	0.000
778.000	127.882	127.882	0.000
779.000	127.630	127.630	0.000
780.000	127.381	127.381	0.000
781.000	127.134	127.134	0.000
782.000	126.887	126.887	0.000
783.000	126.640	126.640	0.000
784.000	126.392	126.392	0.000
785.000	126.144	126.144	0.000
786.000	125.894	125.894	0.000
787.000	125.644	125.644	0.000
788.000	125.393	125.393	0.000
789.000	125.142	125.142	0.000
790.000	124.891	124.891	0.000
791.000	124.640	124.640	0.000
792.000	124.388	124.388	0.000
793.000	124.136	124.136	0.000
794.000	123.883	123.883	0.000
795.000	123.630	123.630	0.000
796.000	123.379	123.379	0.000
797.000	123.132	123.132	0.000
798.000	122.883	122.883	0.000
799.000	122.634	122.634	0.000
800.000	122.384	122.384	0.000
801.000	122.134	122.134	0.000
802.000	121.883	121.883	0.000
803.000	121.633	121.633	0.000
804.000	121.382	121.382	0.000
805.000	121.130	121.130	0.000
806.000	120.878	120.878	0.000
807.000	120.625	120.625	0.000
808.000	120.370	120.370	0.000
809.000	120.115	120.115	0.000
810.000	119.860	119.860	0.000
811.000	119.604	119.604	0.000
812.000	119.353	119.353	0.000
813.000	119.104	119.104	0.000
814.000	118.854	118.854	0.000
815.000	118.604	118.604	0.000
816.000	118.353	118.353	0.000
817.000	118.101	118.101	0.000
818.000	117.848	117.848	0.000
819.000	117.595	117.595	0.000
820.000	117.342	117.342	0.000
821.000	117.088	117.088	0.000
822.000	116.832	116.832	0.000
823.000	116.576	116.576	0.000
824.000	116.320	116.320	0.000
825.000	116.062	116.062	0.000
826.000	115.805	115.805	0.000
827.000	115.546	115.546	0.000
828.000	115.292	115.292	0.000
829.000	115.040	115.040	0.000
830.000	114.786	114.786	0.000
831.000	114.533	114.533	0.000
832.000	114.278	114.278	0.000
833.000	114.024	114.024	0.000
834.000	113.767	113.767	0.000
835.000	113.511	113.511	0.000
836.000	113.253	113.253	0.000
837.000	112.994	112.994	0.000
838.000	112.734	112.734	0.000
839.000	112.474	112.474	0.000
840.000	112.212	112.212	0.000
841.000	111.951	111.951	0.000
842.000	111.688	111.688	0.000
843.000	111.426	111.426	0.000
844.000	111.170	111.170	0.000
845.000	110.912	110.912	0.000
846.000	110.654	110.654	0.000
847.000	110.395	110.395	0.000
848.000	110.135	110.135	0.000
849.000	109.874	109.874	0.000
850.000	109.612	109.612	0.000
851.000	109.351	109.351	0.000
852.000	109.087	109.087	0.000
853.000	108.823	108.823	0.000
854.000	108.559	108.559	0.000
855.000	108.292	108.292	0.000
856.000	108.022	108.022	0.000
857.000	107.754	107.754	0.000
858.000	107.485	107.485	0.000
859.000	107.224	107.224	0.000
860.000	106.963	106.963	0.000
861.000	106.700	106.700	0.000
862.000	106.436	106.436	0.000
863.000	106.170	106.170	0.000
864.000	105.904	105.904	0.000
865.000	105.637	105.637	0.000
866.000	105.367	105.367	0.000
867.000	105.098	105.098	0.000
868.000	104.827	104.827	0.000
869.000	104.555	104.555	0.000
870.000	104.282	104.282	0.000
871.000	104.008	104.008	0.000
872.000	103.733	103.733	0.000
873.000	103.463	103.458	0.005
874.000	103.193	103.188	0.005
875.000	102.924	102.918	0.006
876.000	102.647	102.647	0.000
877.000	102.380	102.375	0.005
878.000	102.107	102.102	0.005
879.000	101.833	101.828	0.005
880.000	101.558	101.552	0.006
881.000	101.281	101.276	0.005
882.000	101.003	100.998	0.005
883.000	100.723	100.718	0.005
884.000	100.443	100.437	0.006
885.000	100.167	100.161	0.006
886.000	99.889	99.884	0.005
887.000	99.614	99.608	0.005
888.000	99.338	99.333	0.005
889.000	99.061	99.055	0.005
890.000	98.783	98.777	0.005
891.000	98.503	98.497	0.005
892.000	98.222	98.216	0.006
893.000	97.939	97.933	0.006
894.000	97.660	97.654	0.005
895.000	97.381	97.375	0.006
896.000	97.097	97.091	0.005
897.000	96.812	96.807	0.006
898.000	96.529	96.523	0.006
899.000	96.245	96.240	0.006
900.000	95.960	95.954	0.006
901.000	95.670	95.664	0.006
902.000	95.385	95.379	0.006
903.000	95.098	95.093	0.006
904.000	94.803	94.797	0.006
905.000	94.510	94.505	0.006
906.000	94.218	94.212	0.006
907.000	93.924	93.918	0.006
908.000	93.630	93.624	0.006
909.000	93.331	93.326	0.006
910.000	93.033	93.027	0.006
911.000	92.748	92.742	0.006
912.000	92.454	92.448	0.006
913.000	92.156	92.150	0.006
914.000	91.858	91.852	0.006
915.000	91.557	91.551	0.006
916.000	91.256	91.250	0.006
917.000	90.952	90.946	0.006
918.000	90.648	90.642	0.006
919.000	90.344	90.338	0.006
920.000	90.043	90.037	0.006
921.000	89.740	89.734	0.006
922.000	89.434	89.434	0.000
923.000	89.126	89.126	0.000
924.000	88.817	88.817	0.000
925.000	88.507	88.507	0.000
926.000	88.193	88.193	0.000
927.000	87.881	87.881	0.000
928.000	87.572	87.572	0.000
929.000	87.262	87.262	0.000
930.000	86.948	86.948	0.000
931.000	86.633	86.633	0.000
932.000	86.316	86.316	0.000
933.000	85.996	85.996	0.000
934.000	85.677	85.677	0.000
935.000	85.358	85.358	0.000
936.000	85.045	85.045	0.000
937.000	84.729	84.729	0.000
938.000	84.409	84.409	0.000
939.000	84.085	84.085	0.000
940.000	83.758	83.758	0.000
941.000	83.429	83.429	0.000
942.000	83.098	83.098	0.000
943.000	82.769	82.769	0.000
944.000	82.442	82.442	0.000
945.000	82.109	82.109	0.000
946.000	81.772	81.772	0.000
947.000	81.437	81.437	0.000
948.000	81.096	81.096	0.000
949.000	80.753	80.753	0.000
950.000	80.410	80.410	0.000
951.000	80.071	80.071	0.000
952.000	79.731	79.731	0.000
953.000	79.388	79.388	0.000
954.000	79.042	79.042	0.000
955.000	78.694	78.694	0.000
956.000	78.344	78.344	0.000
957.000	77.989	77.989	0.000
958.000	77.640	77.640	0.000
959.000	77.288	77.288	0.000
960.000	76.933	76.933	0.000
961.000	76.576	76.576	0.000
962.000	76.214	76.214	0.000
963.000	75.850	75.850	0.000
964.000	75.482	75.482	0.000
965.000	75.121	75.121	0.000
966.000	74.757	74.757	0.000
967.000	74.389	74.389	0.000
968.000	74.016	74.016	0.000
969.000	73.640	73.640	0.000
970.000	73.261	73.261	0.000
971.000	72.881	72.881	0.000
972.000	72.505	72.505	0.000
973.000	72.124	72.124	0.000
974.000	71.740	71.740	0.000
975.000	71.350	71.350	0.000
976.000	70.957	70.957	0.000
977.000	70.568	70.568	0.000
978.000	70.173	70.173	0.000
979.000	69.776	69.776	0.000
980.000	69.372	69.372	0.000
981.000	68.966	68.966	0.000
982.000	68.565	68.565	0.000
983.000	68.158	68.158	0.000
984.000	67.745	67.745	0.000
985.000	67.327	67.327	0.000
986.000	66.906	66.906	0.000
987.000	66.488	66.488	0.000
988.000	66.064	66.064	0.000
989.000	65.634	65.634	0.000
990.000	65.198	65.198	0.000
991.000	64.762	64.762	0.000
992.000	64.327	64.327	0.000
993.000	63.885	63.885	0.000
994.000	63.435	63.435	0.000
995.000	62.980	62.980	0.000
996.000	62.529	62.529	0.000
997.000	62.070	62.070	0.000
998.000	61.604	61.604	0.000
999.000	61.130	61.130	0.000
1000.000	60.658	60.658	0.000
1001.000	60.181	60.181	0.000
1002.000	59.697	59.697	0.000
1003.000	59.203	59.203	0.000
1004.000	58.708	58.708	0.000
1005.000	58.210	58.210	0.000
1006.000	57.703	57.703	0.000
1007.000	57.184	57.184	0.000
1008.000	56.667	56.667	0.000
1009.000	56.145	56.145	0.000
1010.000	55.613	55.613	0.000
1011.000	55.068	55.068	0.000
1012.000	54.526	54.526	0.000
1013.000	53.973	53.973	0.000
1014.000	53.407	53.407	0.000
1015.000	52.831	52.831	0.000
1016.000	52.255	52.255	0.000
1017.000	51.664	51.664	0.000
1018.000	51.062	51.062	0.000
1019.000	50.456	50.456	0.000
1020.000	49.834	49.834	0.000
1021.000	49.200	49.200	0.000
1022.000	48.560	48.560	0.000
1023.000	47.900	47.900	0.000
1024.000	47.229	47.229	0.000
1025.000	46.546	46.546	0.000
1026.000	45.838	45.838	0.000
1027.000	45.127	45.127	0.000
1028.000	44.389	44.389	0.000
1029.000	43.655	43.655	0.000
1030.000	42.869	42.869	0.000
1031.000	42.057	42.057	0.000
1032.000	41.232	41.232	0.000
1033.000	40.373	40.373	0.000
1034.000	39.484	39.484	0.000
1035.000	38.559	38.559	0.000
1036.000	37.593	37.593	0.000
1037.000	36.587	36.587	0.000
1038.000	35.522	35.522	0.000
1039.000	34.398	34.398	0.000
1040.000	33.208	33.208	0.000
1041.000	31.933	31.933	0.000
1042.000	30.559	30.559	0.000
1043.000	29.071	29.071	0.000
1044.000	27.453	27.453	0.000
1045.000	25.674	25.674	0.000
1046.000	23.755	23.755	0.000
1047.000	21.711	21.711	0.000
1048.000	19.678	19.678	0.000
1049.000	17.817	17.817	0.000
1050.000	16.250	16.250	0.000
1051.000	14.978	14.978	0.000
1052.000	13.943	13.943	0.000
1053.000	13.086	13.086	0.000
1054.000	12.365	12.365	0.000
1055.000	11.747	11.747	0.000
1056.000	11.211	11.211	0.000
1057.000	10.743	10.743	0.000
1058.000	10.335	10.335	0.000
1059.000	9.979	9.979	0.000
1060.000	9.671	9.671	0.000
1061.000	9.407	9.407	0.000
1062.000	9.166	9.166	0.000
1063.000	8.945	8.945	0.000
1064.000	8.743	8.743	0.000
1065.000	8.566	8.566	0.000
1066.000	8.409	8.409	0.000
1067.000	8.273	8.273	0.000
1068.000	8.147	8.147	0.000
1069.000	8.031	8.031	0.000
1070.000	7.927	7.927	0.000
1072.000	6.447	6.447	0.000
1073.000	6.418	6.418	0.000
1074.000	6.389	6.389	0.000
1075.000	6.362	6.362	0.000
0.000	6.332	6.330	0.002
1.000	6.307	6.305	0.002
2.000	6.282	6.282	0.000
3.000	6.259	6.259	0.000
4.000	6.238	6.238	0.000
5.000	6.219	6.216	0.002
6.000	6.199	6.199	0.000
7.000	6.181	6.181	0.000
8.000	6.162	6.162	0.000
9.000	6.144	6.144	0.000
10.000	6.127	6.127	0.000
11.000	6.110	6.110	0.000
12.000	6.093	6.093	0.000
13.000	6.077	6.077	0.000
14.000	6.061	6.061	0.000
15.000	6.046	6.046	0.000
16.000	6.030	6.030	0.000
17.000	6.016	6.016	0.000
18.000	6.002	6.002	0.000
19.000	5.988	5.988	0.000
20.000	5.974	5.974	0.000
21.000	5.960	5.960	0.000
22.000	5.947	5.947	0.000
23.000	5.934	5.934	0.000
24.000	5.921	5.921	0.000
25.000	5.908	5.908	0.000
26.000	5.896	5.896	0.000
27.000	5.885	5.885	0.000
28.000	5.874	5.874	0.000
29.000	5.863	5.863	0.000
30.000	5.851	5.851	0.000
31.000	5.841	5.841	0.000
32.000	5.831	5.831	0.000
33.000	5.820	5.820	0.000
34.000	5.810	5.810	0.000
35.000	5.800	5.800	0.000
36.000	5.791	5.791	0.000
37.000	5.781	5.781	0.000
38.000	5.772	5.772	0.000
39.000	5.762	5.762	0.000
40.000	5.753	5.753	0.000
41.000	5.745	5.745	0.000
42.000	5.736	5.736	0.000
43.000	5.727	5.727	0.000
44.000	5.718	5.718	0.000
45.000	5.710	5.710	0.000
46.000	5.702	5.702	0.000
47.000	5.694	5.694	0.000
48.000	5.686	5.686	0.000
49.000	5.678	5.678	0.000
50.000	5.670	5.670	0.000
51.000	5.662	5.662	0.000
52.000	5.655	5.655	0.000
53.000	5.647	5.647	0.000
54.000	5.640	5.640	0.000
55.000	5.633	5.633	0.000
56.000	5.625	5.625	0.000
57.000	5.618	5.618	0.000
58.000	5.611	5.611	0.000
59.000	5.604	5.604	0.000
60.000	5.597	5.597	0.000
61.000	5.590	5.590	0.000
62.000	5.583	5.583	0.000
63.000	5.577	5.577	0.000
64.000	5.571	5.571	0.000
65.000	5.565	5.565	0.000
66.000	5.559	5.559	0.000
67.000	5.553	5.553	0.000
68.000	5.547	5.547	0.000
69.000	5.542	5.542	0.000
70.000	5.536	5.536	0.000
71.000	5.530	5.530	0.000
72.000	5.525	5.525	0.000
73.000	5.519	5.519	0.000
74.000	5.513	5.513	0.000
75.000	5.508	5.508	0.000
76.000	5.503	5.503	0.000
77.000	5.497	5.497	0.000
78.000	5.492	5.492	0.000
79.000	5.487	5.487	0.000
80.000	5.482	5.482	0.000
81.000	5.476	5.476	0.000
82.000	5.471	5.471	0.000
83.000	5.467	5.467	0.000
84.000	5.462	5.462	0.000
85.000	5.457	5.457	0.000
86.000	5.452	5.452	0.000
87.000	5.447	5.447	0.000
88.000	5.442	5.442	0.000
89.000	5.437	5.437	0.000
90.000	5.433	5.433	0.000
91.000	5.428	5.428	0.000
92.000	5.423	5.423	0.000
93.000	5.418	5.418	0.000
94.000	5.414	5.414	0.000
95.000	5.410	5.410	0.000
96.000	5.405	5.405	0.000
97.000	5.401	5.401	0.000
98.000	5.396	5.396	0.000
99.000	5.392	5.392	0.000
100.000	5.388	5.388	0.000
101.000	5.384	5.384	0.000
102.000	5.379	5.379	0.000
103.000	5.375	5.375	0.000
104.000	5.371	5.371	0.000
105.000	5.367	5.367	0.000
106.000	5.363	5.363	0.000
107.000	5.358	5.358	0.000
108.000	5.354	5.354	0.000
109.000	5.350	5.350	0.000
110.000	5.346	5.346	0.000
111.000	5.342	5.342	0.000
112.000	5.338	5.338	0.000
113.000	5.334	5.334	0.000
114.000	5.330	5.330	0.000
115.000	5.327	5.327	0.000
116.000	5.322	5.322	0.000
117.000	5.319	5.319	0.000
118.000	5.315	5.315	0.000
119.000	5.312	5.312	0.000
120.000	5.308	5.308	0.000
121.000	5.304	5.304	0.000
122.000	5.300	5.300	0.000
123.000	5.297	5.297	0.000
124.000	5.294	5.294	0.000
125.000	5.290	5.290	0.000
126.000	5.286	5.286	0.000
127.000	5.283	5.283	0.000
128.000	5.280	5.280	0.000
129.000	5.277	5.277	0.000
130.000	5.273	5.273	0.000
131.000	5.270	5.270	0.000
132.000	5.267	5.267	0.000
133.000	5.264	5.264	0.000
134.000	5.261	5.261	0.000
135.000	5.258	5.258	0.000
136.000	5.255	5.255	0.000
137.000	5.252	5.252	0.000
138.000	5.249	5.249	0.000
139.000	5.246	5.246	0.000
140.000	5.243	5.243	0.000
141.000	5.240	5.240	0.000
142.000	5.237	5.237	0.000
143.000	5.234	5.234	0.000
144.000	5.231	5.231	0.000
145.000	5.229	5.229	0.000
146.000	5.226	5.226	0.000
147.000	5.224	5.224	0.000
148.000	5.221	5.221	0.000
149.000	5.218	5.218	0.000
150.000	5.216	5.216	0.000
151.000	5.213	5.213	0.000
152.000	5.210	5.210	0.000
153.000	5.208	5.208	0.000
154.000	5.205	5.205	0.000
155.000	5.203	5.203	0.000
156.000	5.201	5.201	0.000
157.000	5.198	5.198	0.000
158.000	5.195	5.195	0.000
159.000	5.193	5.193	0.000
160.000	5.191	5.191	0.000
161.000	5.188	5.188	0.000
162.000	5.185	5.185	0.000
163.000	5.183	5.183	0.000
164.000	5.180	5.180	0.000
165.000	5.177	5.177	0.000
166.000	5.175	5.175	0.000
167.000	5.172	5.172	0.000
168.000	5.170	5.170	0.000
169.000	5.167	5.167	0.000
170.000	5.165	5.165	0.000
171.000	5.162	5.162	0.000
172.000	5.160	5.160	0.000
173.000	5.159	5.158	0.001
174.000	5.155	5.155	0.000
175.000	5.153	5.153	0.000
176.000	5.151	5.151	0.000
177.000	5.150	5.149	0.001
178.000	5.148	5.147	0.001
179.000	5.146	5.146	0.001
180.000	5.144	5.144	0.001
181.000	5.142	5.141	0.001
182.000	5.139	5.139	0.001
183.000	5.137	5.136	0.001
184.000	5.135	5.134	0.001
185.000	5.133	5.132	0.001
186.000	5.130	5.129	0.001
187.000	5.128	5.127	0.001
188.000	5.125	5.125	0.001
189.000	5.123	5.123	0.001
190.000	5.121	5.121	0.001
191.000	5.119	5.118	0.001
192.000	5.117	5.116	0.001
193.000	5.114	5.114	0.001
194.000	5.112	5.112	0.001
195.000	5.111	5.110	0.001
196.000	5.108	5.107	0.001
197.000	5.106	5.106	0.001
198.000	5.104	5.104	0.001
199.000	5.103	5.102	0.001
200.000	5.100	5.099	0.001
201.000	5.098	5.098	0.001
202.000	5.096	5.095	0.001
203.000	5.094	5.093	0.001
204.000	5.092	5.091	0.001
205.000	5.090	5.089	0.001
206.000	5.088	5.087	0.001
207.000	5.085	5.085	0.001
208.000	5.083	5.082	0.001
209.000	5.081	5.080	0.001
210.000	5.079	5.078	0.001
211.000	5.076	5.075	0.001
212.000	5.074	5.073	0.001
213.000	5.071	5.070	0.001
214.000	5.069	5.068	0.001
215.000	5.067	5.066	0.001
216.000	5.065	5.065	0.001
217.000	5.063	5.063	0.001
218.000	5.061	5.061	0.001
219.000	5.060	5.059	0.001
220.000	5.057	5.057	0.001
221.000	5.055	5.055	0.000
222.000	5.053	5.053	0.000
223.000	5.051	5.051	0.001
224.000	5.049	5.048	0.001
225.000	5.047	5.047	0.000
226.000	5.045	5.045	0.000
227.000	5.044	5.044	0.000
228.000	5.042	5.042	0.000
229.000	5.040	5.039	0.001
230.000	5.038	5.037	0.001
231.000	5.036	5.036	0.000
232.000	5.034	5.034	0.000
233.000	5.032	5.032	0.000
234.000	5.031	5.031	0.000
235.000	5.029	5.029	0.000
236.000	5.027	5.027	0.000
237.000	5.025	5.025	0.000
238.000	5.023	5.023	0.000
239.000	5.021	5.021	0.000
240.000	5.019	5.019	0.000
241.000	5.018	5.018	0.000
242.000	5.016	5.016	0.000
243.000	5.014	5.014	0.000
244.000	5.012	5.012	0.000
245.000	5.010	5.010	0.000
246.000	5.008	5.008	0.000
247.000	5.006	5.006	0.000
248.000	5.004	5.004	0.000
249.000	5.002	5.002	0.000
250.000	5.000	5.000	0.000
251.000	4.998	4.998	0.000
252.000	4.996	4.996	0.000
253.000	4.994	4.994	0.000
254.000	4.993	4.993	0.000
255.000	4.991	4.991	0.000
256.000	4.989	4.989	0.000
257.000	4.987	4.987	0.000
258.000	4.985	4.985	0.000
259.000	4.983	4.983	0.000
260.000	4.981	4.981	0.000
261.000	4.979	4.979	0.000
262.000	4.978	4.978	0.000
263.000	4.976	4.976	0.000
264.000	4.974	4.974	0.000
265.000	4.972	4.972	0.000
266.000	4.971	4.971	0.000
267.000	4.969	4.969	0.000
268.000	4.968	4.968	0.000
269.000	4.966	4.966	0.000
270.000	4.964	4.964	0.000
271.000	4.963	4.963	0.000
272.000	4.961	4.961	0.000
273.000	4.959	4.959	0.000
274.000	4.957	4.957	0.000
275.000	4.955	4.955	0.000
276.000	4.954	4.954	0.000
277.000	4.952	4.952	0.000
278.000	4.951	4.951	0.000
279.000	4.949	4.949	0.000
280.000	4.947	4.947	0.000
281.000	4.946	4.946	0.000
282.000	4.944	4.944	0.000
283.000	4.942	4.942	0.000
284.000	4.941	4.941	0.000
285.000	4.939	4.939	0.000
286.000	4.938	4.938	0.000
287.000	4.936	4.936	0.000
288.000	4.934	4.934	0.000
289.000	4.933	4.933	0.000
290.000	4.931	4.931	0.000
291.000	4.929	4.929	0.000
292.000	4.927	4.927	0.000
293.000	4.926	4.926	0.000
294.000	4.924	4.924	0.000
295.000	4.923	4.923	0.000
296.000	4.921	4.921	0.000
297.000	4.920	4.920	0.000
298.000	4.918	4.918	0.000
299.000	4.917	4.917	0.000
300.000	4.915	4.915	0.000
301.000	4.913	4.913	0.000
302.000	4.912	4.912	0.000
