0.000	4.429	4.751	-0.322
1.000	4.429	4.752	-0.322
2.000	4.429	4.752	-0.323
3.000	4.429	4.752	-0.323
4.000	4.429	4.752	-0.322
5.000	4.429	4.751	-0.322
6.000	4.429	4.751	-0.322
7.000	4.429	4.752	-0.322
8.000	4.429	4.751	-0.322
9.000	4.429	4.751	-0.322
10.000	4.429	4.752	-0.323
11.000	4.429	4.751	-0.322
12.000	4.429	4.751	-0.322
13.000	4.429	4.751	-0.322
14.000	4.429	4.751	-0.322
15.000	4.429	4.751	-0.322
16.000	4.429	4.751	-0.322
17.000	4.429	4.751	-0.322
18.000	4.429	4.752	-0.323
19.000	4.429	4.752	-0.323
20.000	4.429	4.751	-0.322
21.000	4.429	4.751	-0.322
22.000	4.429	4.751	-0.322
23.000	4.429	4.751	-0.322
24.000	4.429	4.751	-0.322
25.000	4.429	4.751	-0.322
26.000	4.429	4.751	-0.322
27.000	4.429	4.751	-0.322
28.000	4.429	4.751	-0.321
29.000	4.429	4.751	-0.322
30.000	4.429	4.751	-0.322
31.000	4.429	4.750	-0.321
32.000	4.429	4.750	-0.321
33.000	4.429	4.751	-0.322
34.000	4.429	4.750	-0.321
35.000	4.429	4.750	-0.321
36.000	4.429	4.751	-0.322
37.000	4.429	4.750	-0.321
38.000	4.429	4.750	-0.321
39.000	4.429	4.751	-0.322
40.000	4.429	4.751	-0.322
41.000	4.429	4.751	-0.322
42.000	4.429	4.750	-0.321
43.000	4.429	4.751	-0.322
44.000	4.429	4.751	-0.322
45.000	4.429	4.751	-0.322
46.000	4.429	4.751	-0.322
47.000	4.429	4.751	-0.322
48.000	4.429	4.750	-0.321
49.000	4.429	4.750	-0.321
50.000	4.429	4.751	-0.322
51.000	4.429	4.750	-0.321
52.000	4.429	4.751	-0.322
53.000	4.429	4.751	-0.322
54.000	4.429	4.750	-0.321
55.000	4.429	4.751	-0.322
56.000	4.429	4.752	-0.323
57.000	4.429	4.751	-0.322
58.000	4.429	4.751	-0.322
59.000	4.429	4.752	-0.323
60.000	4.429	4.751	-0.322
61.000	4.429	4.751	-0.322
62.000	4.429	4.750	-0.322
63.000	4.429	4.750	-0.322
64.000	4.429	4.751	-0.322
65.000	4.429	4.752	-0.323
66.000	4.429	4.751	-0.322
67.000	4.429	4.751	-0.322
68.000	4.429	4.751	-0.322
69.000	4.429	4.751	-0.322
70.000	4.429	4.751	-0.322
71.000	4.429	4.750	-0.321
72.000	4.429	4.750	-0.321
73.000	4.429	4.750	-0.321
74.000	4.429	4.750	-0.321
75.000	4.429	4.751	-0.322
76.000	4.429	4.750	-0.321
77.000	4.429	4.751	-0.322
78.000	4.429	4.750	-0.321
79.000	4.429	4.751	-0.322
80.000	4.429	4.751	-0.322
81.000	4.429	4.751	-0.322
82.000	4.429	4.751	-0.321
83.000	4.429	4.751	-0.321
84.000	4.429	4.751	-0.322
85.000	4.429	4.750	-0.321
86.000	4.429	4.750	-0.321
87.000	4.429	4.750	-0.321
88.000	4.429	4.751	-0.322
89.000	4.429	4.751	-0.322
90.000	4.429	4.751	-0.322
91.000	4.429	4.750	-0.321
92.000	4.429	4.750	-0.321
93.000	4.429	4.750	-0.321
94.000	4.429	4.750	-0.321
95.000	4.429	4.751	-0.322
96.000	4.429	4.751	-0.322
97.000	4.429	4.751	-0.322
98.000	4.429	4.751	-0.322
99.000	4.429	4.751	-0.322
100.000	4.429	4.752	-0.323
101.000	4.429	4.751	-0.322
102.000	4.430	4.751	-0.321
103.000	4.430	4.751	-0.322
104.000	4.430	4.752	-0.322
105.000	4.430	4.751	-0.322
106.000	4.430	4.751	-0.321
107.000	4.430	4.752	-0.322
108.000	4.429	4.751	-0.321
109.000	4.429	4.750	-0.321
110.000	4.429	4.751	-0.321
111.000	4.430	4.751	-0.321
112.000	4.430	4.751	-0.322
113.000	4.430	4.751	-0.322
114.000	4.430	4.751	-0.321
115.000	4.430	4.751	-0.321
116.000	4.430	4.751	-0.321
117.000	4.429	4.751	-0.321
118.000	4.430	4.751	-0.321
119.000	4.430	4.751	-0.321
120.000	4.430	4.751	-0.321
121.000	4.430	4.751	-0.322
122.000	4.430	4.751	-0.321
123.000	4.430	4.751	-0.321
124.000	4.430	4.751	-0.321
125.000	4.430	4.751	-0.322
126.000	4.430	4.751	-0.321
127.000	4.430	4.752	-0.322
128.000	4.430	4.751	-0.321
129.000	4.430	4.752	-0.322
130.000	4.430	4.751	-0.321
131.000	4.430	4.751	-0.322
132.000	4.430	4.752	-0.322
133.000	4.430	4.751	-0.322
134.000	4.430	4.751	-0.321
135.000	4.430	4.751	-0.321
136.000	4.430	4.751	-0.321
137.000	4.430	4.751	-0.321
138.000	4.430	4.751	-0.322
139.000	4.430	4.750	-0.321
140.000	4.430	4.751	-0.322
141.000	4.430	4.750	-0.320
142.000	4.430	4.750	-0.320
143.000	4.430	4.752	-0.322
144.000	4.430	4.751	-0.321
145.000	4.430	4.751	-0.321
146.000	4.430	4.751	-0.321
147.000	4.430	4.751	-0.321
148.000	4.430	4.752	-0.322
149.000	4.430	4.750	-0.321
150.000	4.430	4.751	-0.321
151.000	4.430	4.751	-0.321
152.000	4.430	4.751	-0.321
153.000	4.430	4.751	-0.321
154.000	4.430	4.751	-0.321
155.000	4.430	4.750	-0.321
156.000	4.430	4.751	-0.321
157.000	4.430	4.751	-0.321
158.000	4.430	4.751	-0.321
159.000	4.430	4.751	-0.321
160.000	4.430	4.751	-0.321
161.000	4.430	4.751	-0.321
162.000	4.430	4.751	-0.321
163.000	4.430	4.751	-0.321
164.000	4.430	4.752	-0.322
165.000	4.430	4.751	-0.321
166.000	4.430	4.751	-0.321
167.000	4.430	4.750	-0.320
168.000	4.430	4.751	-0.321
169.000	4.430	4.751	-0.321
170.000	4.430	4.751	-0.321
171.000	4.430	4.751	-0.321
172.000	4.430	4.751	-0.321
173.000	4.430	4.751	-0.321
174.000	4.430	4.751	-0.322
175.000	4.430	4.751	-0.322
176.000	4.430	4.751	-0.321
177.000	4.430	4.751	-0.321
178.000	4.430	4.752	-0.322
179.000	4.430	4.751	-0.322
180.000	4.430	4.751	-0.321
181.000	4.430	4.751	-0.321
182.000	4.430	4.750	-0.321
183.000	4.430	4.751	-0.321
184.000	4.429	4.751	-0.322
185.000	4.429	4.751	-0.322
186.000	4.429	4.751	-0.321
187.000	4.429	4.750	-0.320
188.000	4.429	4.751	-0.321
189.000	4.429	4.751	-0.322
190.000	4.429	4.751	-0.321
191.000	4.429	4.751	-0.322
192.000	4.429	4.751	-0.322
193.000	4.429	4.750	-0.321
194.000	4.429	4.751	-0.321
195.000	4.429	4.752	-0.322
196.000	4.429	4.751	-0.322
197.000	4.429	4.750	-0.321
198.000	4.429	4.751	-0.322
199.000	4.429	4.751	-0.322
200.000	4.429	4.751	-0.321
201.000	4.429	4.750	-0.321
202.000	4.429	4.750	-0.321
203.000	4.429	4.751	-0.322
204.000	4.429	4.751	-0.322
205.000	4.429	4.751	-0.322
206.000	4.429	4.750	-0.321
207.000	4.429	4.751	-0.322
208.000	4.429	4.751	-0.322
209.000	4.429	4.751	-0.322
210.000	4.429	4.751	-0.322
211.000	4.429	4.751	-0.322
212.000	4.429	4.751	-0.322
213.000	4.429	4.750	-0.322
214.000	4.429	4.751	-0.322
215.000	4.429	4.751	-0.322
216.000	4.429	4.750	-0.322
217.000	4.429	4.750	-0.321
218.000	4.429	4.750	-0.321
219.000	4.429	4.751	-0.322
220.000	4.429	4.751	-0.322
221.000	4.429	4.750	-0.321
222.000	4.429	4.751	-0.322
223.000	4.429	4.751	-0.322
224.000	4.429	4.751	-0.322
225.000	4.429	4.751	-0.322
226.000	4.429	4.751	-0.322
227.000	4.429	4.750	-0.322
228.000	4.429	4.750	-0.322
229.000	4.429	4.751	-0.322
230.000	4.429	4.751	-0.322
231.000	4.429	4.751	-0.322
232.000	4.429	4.751	-0.322
233.000	4.429	4.751	-0.323
234.000	4.429	4.750	-0.321
235.000	4.429	4.750	-0.321
236.000	4.429	4.751	-0.322
237.000	4.429	4.751	-0.322
238.000	4.429	4.751	-0.322
239.000	4.429	4.751	-0.322
240.000	4.429	4.752	-0.322
241.000	4.429	4.751	-0.322
242.000	4.429	4.752	-0.323
243.000	4.429	4.751	-0.322
244.000	4.429	4.751	-0.322
245.000	4.429	4.750	-0.321
246.000	4.429	4.751	-0.322
247.000	4.429	4.751	-0.322
248.000	4.429	4.751	-0.322
249.000	4.429	4.752	-0.322
250.000	4.429	4.752	-0.322
251.000	4.429	4.751	-0.322
252.000	4.429	4.751	-0.322
253.000	4.429	4.751	-0.322
254.000	4.429	4.751	-0.322
255.000	4.429	4.750	-0.321
256.000	4.429	4.750	-0.321
257.000	4.429	4.751	-0.321
258.000	4.429	4.750	-0.321
259.000	4.429	4.751	-0.322
260.000	4.429	4.751	-0.322
261.000	4.429	4.750	-0.321
262.000	4.429	4.751	-0.322
263.000	4.429	4.751	-0.322
264.000	4.429	4.751	-0.322
265.000	4.429	4.751	-0.322
266.000	4.429	4.751	-0.322
267.000	4.429	4.752	-0.323
268.000	4.429	4.752	-0.323
269.000	4.429	4.751	-0.322
270.000	4.429	4.751	-0.322
271.000	4.429	4.751	-0.322
272.000	4.429	4.751	-0.322
273.000	4.429	4.750	-0.321
274.000	4.429	4.751	-0.322
275.000	4.429	4.750	-0.321
276.000	4.429	4.750	-0.321
277.000	4.429	4.751	-0.322
278.000	4.429	4.752	-0.322
279.000	4.429	4.751	-0.322
280.000	4.429	4.751	-0.322
281.000	4.429	4.750	-0.321
282.000	4.429	4.751	-0.321
283.000	4.430	4.751	-0.321
284.000	4.429	4.750	-0.321
285.000	4.430	4.751	-0.321
286.000	4.430	4.751	-0.321
287.000	4.430	4.751	-0.321
288.000	4.430	4.751	-0.321
289.000	4.430	4.751	-0.321
290.000	4.430	4.750	-0.321
291.000	4.430	4.751	-0.321
292.000	4.430	4.750	-0.320
293.000	4.430	4.750	-0.321
294.000	4.430	4.750	-0.321
295.000	4.430	4.750	-0.320
296.000	4.429	4.750	-0.321
297.000	4.429	4.750	-0.321
298.000	4.429	4.750	-0.321
299.000	4.429	4.750	-0.321
300.000	4.429	4.750	-0.321
301.000	4.429	4.751	-0.321
302.000	4.429	4.750	-0.320
303.000	4.429	4.750	-0.321
304.000	4.429	4.751	-0.321
305.000	4.429	4.750	-0.321
306.000	4.429	4.750	-0.321
307.000	4.429	4.750	-0.321
308.000	4.429	4.751	-0.322
309.000	4.429	4.750	-0.321
310.000	4.429	4.750	-0.320
311.000	4.429	4.750	-0.321
312.000	4.429	4.750	-0.321
313.000	4.429	4.750	-0.321
314.000	4.429	4.750	-0.321
315.000	4.429	4.750	-0.321
316.000	4.429	4.750	-0.321
317.000	4.429	4.750	-0.321
318.000	4.429	4.749	-0.320
319.000	4.429	4.750	-0.321
320.000	4.429	4.751	-0.322
321.000	4.429	4.751	-0.322
322.000	4.429	4.750	-0.321
323.000	4.429	4.751	-0.322
324.000	4.429	4.750	-0.321
325.000	4.429	4.749	-0.320
326.000	4.429	4.750	-0.321
327.000	4.429	4.751	-0.322
328.000	4.429	4.750	-0.321
329.000	4.429	4.750	-0.321
330.000	4.429	4.750	-0.321
331.000	4.429	4.750	-0.321
332.000	4.429	4.751	-0.322
333.000	4.429	4.750	-0.321
334.000	4.428	4.750	-0.321
335.000	4.428	4.750	-0.322
336.000	4.428	4.750	-0.322
337.000	4.428	4.751	-0.322
338.000	4.428	4.751	-0.322
339.000	4.428	4.750	-0.322
340.000	4.428	4.750	-0.322
341.000	4.428	4.750	-0.322
342.000	4.428	4.750	-0.322
343.000	4.428	4.750	-0.322
344.000	4.428	4.750	-0.322
345.000	4.428	4.750	-0.322
346.000	4.428	4.750	-0.322
347.000	4.428	4.751	-0.322
348.000	4.428	4.750	-0.322
349.000	4.428	4.750	-0.322
350.000	4.428	4.750	-0.322
351.000	4.428	4.750	-0.322
352.000	4.428	4.750	-0.321
353.000	4.428	4.750	-0.322
354.000	4.428	4.750	-0.322
355.000	4.428	4.750	-0.322
356.000	4.428	4.751	-0.322
357.000	4.428	4.751	-0.322
358.000	4.428	4.750	-0.322
359.000	4.428	4.750	-0.322
360.000	4.428	4.750	-0.321
361.000	4.428	4.751	-0.322
362.000	4.428	4.750	-0.322
363.000	4.429	4.750	-0.322
364.000	4.429	4.750	-0.321
365.000	4.428	4.749	-0.321
366.000	4.429	4.750	-0.321
367.000	4.429	4.751	-0.322
368.000	4.429	4.750	-0.321
369.000	4.429	4.750	-0.321
370.000	4.429	4.751	-0.322
371.000	4.429	4.750	-0.321
372.000	4.429	4.750	-0.321
373.000	4.429	4.750	-0.321
374.000	4.429	4.750	-0.322
375.000	4.429	4.750	-0.321
376.000	4.429	4.751	-0.322
377.000	4.429	4.750	-0.321
378.000	4.429	4.750	-0.321
379.000	4.429	4.750	-0.321
380.000	4.429	4.750	-0.321
381.000	4.429	4.750	-0.321
382.000	4.429	4.750	-0.321
383.000	4.429	4.750	-0.321
384.000	4.429	4.751	-0.322
385.000	4.429	4.750	-0.321
386.000	4.429	4.749	-0.321
387.000	4.429	4.750	-0.322
388.000	4.429	4.750	-0.321
389.000	4.429	4.750	-0.321
390.000	4.429	4.750	-0.322
391.000	4.428	4.750	-0.321
392.000	4.429	4.750	-0.321
393.000	4.429	4.749	-0.321
394.000	4.429	4.750	-0.321
395.000	4.429	4.749	-0.321
396.000	4.429	4.751	-0.322
397.000	4.429	4.750	-0.321
398.000	4.429	4.750	-0.321
399.000	4.429	4.750	-0.321
400.000	4.429	4.750	-0.321
401.000	4.429	4.750	-0.321
402.000	4.429	4.750	-0.321
403.000	4.429	4.750	-0.321
404.000	4.429	4.750	-0.322
405.000	4.429	4.751	-0.322
406.000	4.429	4.750	-0.322
407.000	4.429	4.750	-0.321
408.000	4.429	4.750	-0.321
409.000	4.429	4.749	-0.321
410.000	4.429	4.750	-0.322
411.000	4.428	4.751	-0.322
412.000	4.428	4.750	-0.321
413.000	4.429	4.750	-0.321
414.000	4.429	4.750	-0.321
415.000	4.429	4.750	-0.321
416.000	4.429	4.749	-0.321
417.000	4.429	4.750	-0.321
418.000	4.428	4.750	-0.322
419.000	4.428	4.750	-0.322
420.000	4.428	4.750	-0.321
421.000	4.428	4.750	-0.321
422.000	4.428	4.750	-0.322
423.000	4.428	4.749	-0.321
424.000	4.428	4.749	-0.321
425.000	4.428	4.750	-0.322
426.000	4.428	4.749	-0.321
427.000	4.428	4.750	-0.322
428.000	4.428	4.749	-0.321
429.000	4.428	4.750	-0.322
430.000	4.428	4.749	-0.321
431.000	4.428	4.749	-0.321
432.000	4.428	4.750	-0.322
433.000	4.428	4.750	-0.322
434.000	4.428	4.750	-0.322
435.000	4.428	4.749	-0.321
436.000	4.428	4.749	-0.321
437.000	4.428	4.749	-0.321
438.000	4.428	4.750	-0.322
439.000	4.428	4.750	-0.322
440.000	4.428	4.750	-0.322
441.000	4.428	4.750	-0.322
442.000	4.428	4.750	-0.321
443.000	4.428	4.750	-0.321
444.000	4.428	4.750	-0.321
445.000	4.428	4.750	-0.322
446.000	4.429	4.750	-0.321
447.000	4.429	4.751	-0.322
448.000	4.428	4.751	-0.322
449.000	4.429	4.751	-0.322
450.000	4.428	4.750	-0.322
451.000	4.428	4.751	-0.323
452.000	4.428	4.750	-0.322
453.000	4.428	4.751	-0.322
454.000	4.428	4.750	-0.322
455.000	4.428	4.750	-0.321
456.000	4.429	4.751	-0.323
457.000	4.429	4.751	-0.322
458.000	4.429	4.750	-0.322
459.000	4.429	4.750	-0.322
460.000	4.429	4.750	-0.322
461.000	4.429	4.750	-0.321
462.000	4.429	4.750	-0.322
463.000	4.429	4.751	-0.322
464.000	4.429	4.751	-0.322
465.000	4.429	4.749	-0.321
466.000	4.429	4.750	-0.322
467.000	4.429	4.751	-0.322
468.000	4.429	4.751	-0.322
469.000	4.429	4.749	-0.321
470.000	4.429	4.750	-0.321
471.000	4.429	4.750	-0.321
472.000	4.429	4.750	-0.321
473.000	4.429	4.751	-0.322
474.000	4.429	4.751	-0.322
475.000	4.429	4.751	-0.322
476.000	4.429	4.751	-0.322
477.000	4.429	4.751	-0.322
478.000	4.429	4.750	-0.321
479.000	4.429	4.750	-0.322
480.000	4.429	4.750	-0.322
481.000	4.429	4.749	-0.321
482.000	4.429	4.750	-0.321
483.000	4.429	4.751	-0.322
484.000	4.429	4.751	-0.322
485.000	4.429	4.750	-0.322
486.000	4.429	4.750	-0.321
487.000	4.429	4.751	-0.322
488.000	4.428	4.750	-0.322
489.000	4.429	4.750	-0.321
490.000	4.429	4.750	-0.321
491.000	4.429	4.750	-0.321
492.000	4.429	4.750	-0.321
493.000	4.429	4.750	-0.321
494.000	4.428	4.750	-0.322
495.000	4.428	4.750	-0.322
496.000	4.428	4.749	-0.320
497.000	4.428	4.749	-0.321
498.000	4.428	4.749	-0.321
499.000	4.428	4.749	-0.321
500.000	4.428	4.749	-0.321
501.000	4.428	4.749	-0.321
502.000	4.428	4.750	-0.322
503.000	4.428	4.749	-0.321
504.000	4.428	4.749	-0.321
505.000	4.428	4.750	-0.322
506.000	4.428	4.751	-0.323
507.000	4.428	4.749	-0.321
508.000	4.428	4.750	-0.322
509.000	4.428	4.749	-0.321
510.000	4.428	4.749	-0.321
511.000	4.428	4.750	-0.322
512.000	4.428	4.749	-0.321
513.000	4.428	4.749	-0.321
514.000	4.428	4.750	-0.322
515.000	4.428	4.749	-0.321
516.000	4.428	4.749	-0.321
517.000	4.428	4.749	-0.321
518.000	4.428	4.750	-0.322
519.000	4.428	4.750	-0.322
520.000	4.428	4.750	-0.322
521.000	4.428	4.750	-0.322
522.000	4.428	4.750	-0.322
523.000	4.428	4.749	-0.321
524.000	4.428	4.749	-0.322
525.000	4.428	4.750	-0.322
526.000	4.428	4.750	-0.323
527.000	4.428	4.751	-0.323
528.000	4.428	4.750	-0.323
529.000	4.427	4.750	-0.322
530.000	4.427	4.750	-0.323
531.000	4.427	4.751	-0.324
532.000	4.427	4.750	-0.323
533.000	4.427	4.750	-0.323
534.000	4.427	4.750	-0.322
535.000	4.427	4.750	-0.323
536.000	4.427	4.750	-0.323
537.000	4.427	4.750	-0.322
538.000	4.427	4.749	-0.322
539.000	4.427	4.749	-0.322
540.000	4.427	4.748	-0.321
541.000	4.427	4.749	-0.322
542.000	4.427	4.749	-0.322
543.000	4.427	4.750	-0.323
544.000	4.427	4.750	-0.323
545.000	4.427	4.750	-0.323
546.000	4.427	4.749	-0.322
547.000	4.427	4.749	-0.322
548.000	4.427	4.750	-0.323
549.000	4.427	4.750	-0.322
550.000	4.427	4.749	-0.322
551.000	4.427	4.748	-0.321
552.000	4.427	4.750	-0.323
553.000	4.427	4.750	-0.323
554.000	4.427	4.750	-0.323
555.000	4.427	4.749	-0.322
556.000	4.427	4.749	-0.322
557.000	4.427	4.748	-0.321
558.000	4.427	4.749	-0.321
559.000	4.427	4.750	-0.323
560.000	4.427	4.750	-0.322
561.000	4.428	4.750	-0.322
562.000	4.428	4.750	-0.322
563.000	4.428	4.750	-0.322
564.000	4.428	4.750	-0.322
565.000	4.428	4.749	-0.322
566.000	4.428	4.749	-0.321
567.000	4.428	4.749	-0.321
568.000	4.428	4.749	-0.322
569.000	4.428	4.750	-0.322
570.000	4.428	4.749	-0.322
571.000	4.428	4.750	-0.322
572.000	4.428	4.750	-0.322
573.000	4.428	4.750	-0.322
574.000	4.428	4.750	-0.322
575.000	4.428	4.750	-0.323
576.000	4.428	4.750	-0.322
577.000	4.428	4.750	-0.322
578.000	4.428	4.750	-0.322
579.000	4.428	4.750	-0.322
580.000	4.428	4.750	-0.322
581.000	4.428	4.751	-0.323
582.000	4.428	4.750	-0.322
583.000	4.428	4.750	-0.322
584.000	4.428	4.750	-0.323
585.000	4.428	4.750	-0.323
586.000	4.428	4.750	-0.322
587.000	4.428	4.750	-0.322
588.000	4.428	4.750	-0.323
589.000	4.428	4.750	-0.322
590.000	4.428	4.750	-0.322
591.000	4.428	4.750	-0.322
592.000	4.428	4.750	-0.322
593.000	4.428	4.750	-0.322
594.000	4.428	4.750	-0.322
595.000	4.428	4.750	-0.322
596.000	4.428	4.750	-0.322
597.000	4.428	4.750	-0.322
598.000	4.428	4.750	-0.323
599.000	4.428	4.750	-0.322
600.000	4.428	4.750	-0.323
601.000	4.428	4.750	-0.322
602.000	4.428	4.750	-0.322
603.000	4.428	4.750	-0.323
604.000	4.428	4.750	-0.322
605.000	4.427	4.750	-0.323
606.000	4.427	4.750	-0.323
607.000	4.427	4.750	-0.323
608.000	4.427	4.750	-0.323
609.000	4.427	4.750	-0.323
610.000	4.427	4.750	-0.323
611.000	4.427	4.750	-0.323
612.000	4.427	4.750	-0.323
613.000	4.427	4.750	-0.323
614.000	4.427	4.750	-0.323
615.000	4.427	4.749	-0.322
616.000	4.427	4.749	-0.323
617.000	4.427	4.749	-0.323
618.000	4.427	4.749	-0.323
619.000	4.427	4.750	-0.324
620.000	4.427	4.749	-0.323
621.000	4.427	4.749	-0.322
622.000	4.427	4.750	-0.323
623.000	4.427	4.750	-0.323
624.000	4.427	4.750	-0.323
625.000	4.427	4.750	-0.323
626.000	4.427	4.750	-0.323
627.000	4.427	4.750	-0.323
628.000	4.427	4.750	-0.323
629.000	4.427	4.750	-0.323
630.000	4.427	4.750	-0.324
631.000	4.427	4.750	-0.324
632.000	4.427	4.750	-0.323
633.000	4.426	4.750	-0.323
634.000	4.426	4.750	-0.324
635.000	4.426	4.750	-0.324
636.000	4.426	4.750	-0.323
637.000	4.426	4.750	-0.324
638.000	4.426	4.750	-0.324
639.000	4.426	4.750	-0.324
640.000	4.427	4.751	-0.324
641.000	4.427	4.750	-0.323
642.000	4.426	4.750	-0.324
643.000	4.426	4.750	-0.323
644.000	4.426	4.750	-0.324
645.000	4.426	4.750	-0.324
646.000	4.426	4.750	-0.324
647.000	4.426	4.751	-0.324
648.000	4.426	4.749	-0.323
649.000	4.426	4.750	-0.323
650.000	4.426	4.750	-0.324
651.000	4.426	4.750	-0.324
652.000	4.426	4.750	-0.324
653.000	4.426	4.750	-0.324
654.000	4.426	4.750	-0.324
655.000	4.426	4.750	-0.324
656.000	4.426	4.750	-0.324
657.000	4.426	4.750	-0.324
658.000	4.426	4.750	-0.324
659.000	4.426	4.750	-0.324
660.000	4.426	4.750	-0.324
661.000	4.426	4.750	-0.324
662.000	4.426	4.751	-0.324
663.000	4.426	4.750	-0.324
664.000	4.426	4.750	-0.324
665.000	4.426	4.750	-0.324
666.000	4.426	4.751	-0.324
667.000	4.426	4.751	-0.324
668.000	4.426	4.750	-0.324
669.000	4.427	4.750	-0.324
670.000	4.427	4.750	-0.323
671.000	4.427	4.751	-0.324
672.000	4.427	4.751	-0.324
673.000	4.427	4.749	-0.322
674.000	4.427	4.750	-0.323
675.000	4.427	4.751	-0.324
676.000	4.427	4.750	-0.324
677.000	4.427	4.750	-0.323
678.000	4.427	4.751	-0.324
679.000	4.427	4.750	-0.324
680.000	4.427	4.750	-0.323
681.000	4.427	4.750	-0.323
682.000	4.427	4.751	-0.324
683.000	4.427	4.751	-0.324
684.000	4.427	4.751	-0.324
685.000	4.427	4.751	-0.324
686.000	4.427	4.751	-0.324
687.000	4.427	4.750	-0.323
688.000	4.427	4.750	-0.322
689.000	4.427	4.750	-0.324
690.000	4.427	4.751	-0.324
691.000	4.427	4.751	-0.324
692.000	4.427	4.751	-0.324
693.000	4.427	4.751	-0.324
694.000	4.427	4.750	-0.323
695.000	4.427	4.751	-0.324
696.000	4.427	4.750	-0.323
697.000	4.427	4.751	-0.324
698.000	4.427	4.751	-0.324
699.000	4.427	4.751	-0.324
700.000	4.427	4.751	-0.324
701.000	4.427	4.751	-0.324
702.000	4.427	4.750	-0.324
703.000	4.427	4.750	-0.324
704.000	4.427	4.750	-0.323
705.000	4.427	4.751	-0.324
706.000	4.427	4.751	-0.324
707.000	4.427	4.750	-0.323
708.000	4.427	4.751	-0.324
709.000	4.427	4.751	-0.324
710.000	4.426	4.750	-0.323
711.000	4.426	4.750	-0.324
712.000	4.426	4.750	-0.324
713.000	4.426	4.750	-0.324
714.000	4.426	4.750	-0.324
715.000	4.426	4.750	-0.324
716.000	4.426	4.750	-0.324
717.000	4.426	4.750	-0.324
718.000	4.426	4.751	-0.325
719.000	4.426	4.751	-0.325
720.000	4.426	4.751	-0.324
721.000	4.426	4.751	-0.324
722.000	4.426	4.750	-0.324
723.000	4.426	4.751	-0.325
724.000	4.426	4.751	-0.325
725.000	4.426	4.751	-0.325
726.000	4.426	4.750	-0.324
727.000	4.426	4.751	-0.325
728.000	4.426	4.751	-0.325
729.000	4.426	4.751	-0.325
730.000	4.426	4.751	-0.325
731.000	4.426	4.751	-0.325
732.000	4.426	4.750	-0.324
733.000	4.426	4.750	-0.324
734.000	4.426	4.751	-0.325
735.000	4.426	4.751	-0.325
736.000	4.426	4.750	-0.325
737.000	4.426	4.751	-0.326
738.000	4.426	4.751	-0.325
739.000	4.426	4.750	-0.324
740.000	4.426	4.750	-0.324
741.000	4.426	4.750	-0.324
742.000	4.425	4.749	-0.324
743.000	4.425	4.750	-0.325
744.000	4.425	4.750	-0.325
745.000	4.425	4.751	-0.326
746.000	4.425	4.750	-0.325
747.000	4.425	4.750	-0.325
748.000	4.425	4.752	-0.326
749.000	4.425	4.751	-0.325
750.000	4.425	4.750	-0.325
751.000	4.425	4.750	-0.325
752.000	4.425	4.750	-0.325
753.000	4.425	4.750	-0.325
754.000	4.425	4.750	-0.325
755.000	4.425	4.751	-0.326
756.000	4.425	4.750	-0.325
757.000	4.425	4.750	-0.325
758.000	4.425	4.750	-0.325
759.000	4.425	4.750	-0.325
760.000	4.425	4.750	-0.325
761.000	4.425	4.750	-0.325
762.000	4.425	4.751	-0.325
763.000	4.425	4.750	-0.325
764.000	4.425	4.750	-0.325
765.000	4.425	4.750	-0.325
766.000	4.425	4.751	-0.325
767.000	4.425	4.750	-0.325
768.000	4.425	4.750	-0.325
769.000	4.425	4.751	-0.325
770.000	4.425	4.751	-0.326
771.000	4.425	4.750	-0.325
772.000	4.425	4.750	-0.325
773.000	4.425	4.751	-0.325
774.000	4.425	4.750	-0.325
775.000	4.425	4.750	-0.325
776.000	4.425	4.750	-0.325
777.000	4.426	4.751	-0.326
778.000	4.426	4.750	-0.325
779.000	4.426	4.751	-0.325
780.000	4.426	4.752	-0.326
781.000	4.426	4.750	-0.325
782.000	4.426	4.751	-0.325
783.000	4.426	4.751	-0.326
784.000	4.426	4.750	-0.325
785.000	4.426	4.751	-0.325
786.000	4.426	4.750	-0.325
787.000	4.426	4.751	-0.325
788.000	4.426	4.750	-0.325
789.000	4.426	4.750	-0.324
790.000	4.426	4.752	-0.326
791.000	4.426	4.751	-0.325
792.000	4.426	4.751	-0.325
793.000	4.426	4.752	-0.326
794.000	4.426	4.751	-0.325
795.000	4.426	4.751	-0.325
796.000	4.426	4.751	-0.325
797.000	4.426	4.751	-0.325
798.000	4.426	4.752	-0.326
799.000	4.426	4.751	-0.325
800.000	4.426	4.752	-0.326
801.000	4.426	4.751	-0.325
802.000	4.426	4.752	-0.326
803.000	4.426	4.751	-0.325
804.000	4.426	4.752	-0.326
805.000	4.426	4.751	-0.325
806.000	4.426	4.750	-0.325
807.000	4.426	4.751	-0.325
808.000	4.426	4.751	-0.325
809.000	4.426	4.751	-0.325
810.000	4.426	4.752	-0.326
811.000	4.426	4.750	-0.325
812.000	4.426	4.751	-0.325
813.000	4.426	4.752	-0.326
814.000	4.426	4.751	-0.325
815.000	4.426	4.750	-0.324
816.000	4.426	4.750	-0.324
817.000	4.426	4.751	-0.325
818.000	4.426	4.751	-0.325
819.000	4.426	4.750	-0.324
820.000	4.426	4.751	-0.325
821.000	4.426	4.750	-0.324
822.000	4.426	4.750	-0.324
823.000	4.426	4.751	-0.325
824.000	4.426	4.751	-0.325
825.000	4.426	4.751	-0.325
826.000	4.426	4.751	-0.325
827.000	4.426	4.751	-0.325
828.000	4.426	4.751	-0.325
829.000	4.426	4.751	-0.325
830.000	4.426	4.751	-0.325
831.000	4.426	4.751	-0.325
832.000	4.426	4.751	-0.325
833.000	4.426	4.750	-0.325
834.000	4.426	4.751	-0.325
835.000	4.426	4.751	-0.325
836.000	4.426	4.751	-0.325
837.000	4.426	4.752	-0.326
838.000	4.426	4.752	-0.327
839.000	4.426	4.752	-0.326
840.000	4.426	4.751	-0.325
841.000	4.426	4.751	-0.326
842.000	4.426	4.751	-0.325
843.000	4.426	4.751	-0.326
844.000	4.426	4.751	-0.325
845.000	4.426	4.750	-0.325
846.000	4.426	4.750	-0.325
847.000	4.426	4.751	-0.325
848.000	4.426	4.750	-0.325
849.000	4.426	4.751	-0.325
850.000	4.426	4.750	-0.325
851.000	4.426	4.750	-0.325
852.000	4.426	4.751	-0.325
853.000	4.426	4.751	-0.325
854.000	4.426	4.751	-0.325
855.000	4.426	4.752	-0.326
856.000	4.426	4.752	-0.326
857.000	4.426	4.751	-0.325
858.000	4.426	4.751	-0.325
859.000	4.426	4.751	-0.325
860.000	4.426	4.751	-0.325
861.000	4.426	4.751	-0.325
862.000	4.426	4.752	-0.326
863.000	4.426	4.751	-0.325
864.000	4.426	4.750	-0.324
865.000	4.426	4.750	-0.324
866.000	4.426	4.752	-0.326
867.000	4.426	4.751	-0.325
868.000	4.426	4.751	-0.325
869.000	4.426	4.751	-0.325
870.000	4.426	4.750	-0.324
871.000	4.426	4.750	-0.325
872.000	4.426	4.751	-0.326
873.000	4.426	4.752	-0.326
874.000	4.426	4.752	-0.326
875.000	4.426	4.751	-0.326
876.000	4.426	4.751	-0.325
877.000	4.426	4.751	-0.325
878.000	4.426	4.751	-0.326
879.000	4.426	4.751	-0.325
880.000	4.426	4.751	-0.325
881.000	4.426	4.751	-0.326
882.000	4.426	4.751	-0.325
883.000	4.426	4.751	-0.325
884.000	4.426	4.752	-0.326
885.000	4.426	4.751	-0.325
886.000	4.426	4.751	-0.325
887.000	4.426	4.752	-0.326
888.000	4.426	4.751	-0.326
889.000	4.426	4.750	-0.325
890.000	4.426	4.751	-0.326
891.000	4.426	4.751	-0.325
892.000	4.425	4.751	-0.325
893.000	4.425	4.751	-0.325
894.000	4.425	4.751	-0.325
895.000	4.425	4.750	-0.325
896.000	4.425	4.750	-0.325
897.000	4.425	4.751	-0.326
898.000	4.425	4.750	-0.325
899.000	4.425	4.750	-0.325
900.000	4.425	4.751	-0.326
901.000	4.425	4.750	-0.325
902.000	4.425	4.750	-0.325
903.000	4.425	4.750	-0.325
904.000	4.425	4.750	-0.325
905.000	4.425	4.750	-0.325
906.000	4.425	4.750	-0.324
907.000	4.425	4.749	-0.324
908.000	4.425	4.750	-0.325
909.000	4.425	4.750	-0.325
910.000	4.425	4.750	-0.324
911.000	4.425	4.750	-0.325
912.000	4.425	4.750	-0.325
913.000	4.425	4.750	-0.325
914.000	4.425	4.750	-0.325
915.000	4.425	4.751	-0.325
916.000	4.425	4.750	-0.325
917.000	4.425	4.750	-0.325
918.000	4.425	4.750	-0.325
919.000	4.426	4.750	-0.325
920.000	4.425	4.751	-0.325
921.000	4.425	4.751	-0.326
922.000	4.425	4.751	-0.325
923.000	4.425	4.750	-0.325
924.000	4.426	4.751	-0.325
925.000	4.426	4.751	-0.325
926.000	4.426	4.751	-0.325
927.000	4.426	4.751	-0.325
928.000	4.426	4.750	-0.324
929.000	4.426	4.751	-0.325
930.000	4.426	4.751	-0.325
931.000	4.426	4.750	-0.324
932.000	4.426	4.751	-0.325
933.000	4.426	4.751	-0.325
934.000	4.426	4.750	-0.325
935.000	4.426	4.750	-0.325
936.000	4.426	4.751	-0.325
937.000	4.426	4.751	-0.325
938.000	4.426	4.750	-0.324
939.000	4.426	4.750	-0.324
940.000	4.426	4.750	-0.324
941.000	4.426	4.751	-0.325
942.000	4.426	4.751	-0.325
943.000	4.426	4.751	-0.325
944.000	4.426	4.751	-0.325
945.000	4.426	4.751	-0.325
946.000	4.426	4.750	-0.324
947.000	4.426	4.751	-0.325
948.000	4.426	4.751	-0.325
949.000	4.426	4.751	-0.325
950.000	4.426	4.750	-0.324
951.000	4.426	4.751	-0.325
952.000	4.426	4.752	-0.326
953.000	4.426	4.751	-0.326
954.000	4.426	4.752	-0.326
955.000	4.426	4.751	-0.326
956.000	4.426	4.751	-0.325
957.000	4.426	4.752	-0.326
958.000	4.426	4.752	-0.326
959.000	4.426	4.752	-0.326
960.000	4.426	4.751	-0.326
961.000	4.426	4.751	-0.326
962.000	4.426	4.752	-0.326
963.000	4.426	4.752	-0.326
964.000	4.426	4.751	-0.325
965.000	4.426	4.751	-0.325
966.000	4.426	4.751	-0.325
967.000	4.426	4.751	-0.325
968.000	4.426	4.751	-0.325
969.000	4.426	4.751	-0.326
970.000	4.426	4.750	-0.325
971.000	4.426	4.751	-0.325
972.000	4.426	4.751	-0.325
973.000	4.426	4.751	-0.325
974.000	4.426	4.752	-0.325
975.000	4.426	4.750	-0.324
976.000	4.426	4.751	-0.325
977.000	4.426	4.751	-0.325
978.000	4.426	4.751	-0.325
979.000	4.426	4.751	-0.325
980.000	4.426	4.751	-0.325
981.000	4.426	4.751	-0.325
982.000	4.426	4.750	-0.324
983.000	4.426	4.750	-0.325
984.000	4.426	4.750	-0.325
985.000	4.426	4.750	-0.325
986.000	4.426	4.751	-0.325
987.000	4.426	4.750	-0.324
988.000	4.426	4.750	-0.324
989.000	4.426	4.750	-0.325
990.000	4.426	4.751	-0.325
991.000	4.426	4.750	-0.325
992.000	4.426	4.750	-0.324
993.000	4.426	4.750	-0.325
994.000	4.426	4.750	-0.325
995.000	4.426	4.750	-0.325
996.000	4.426	4.750	-0.325
997.000	4.426	4.750	-0.325
998.000	4.426	4.751	-0.325
999.000	4.426	4.751	-0.325
1000.000	4.426	4.751	-0.325
1001.000	4.426	4.750	-0.324
1002.000	4.426	4.750	-0.325
1003.000	4.426	4.750	-0.324
1004.000	4.426	4.750	-0.324
1005.000	4.426	4.750	-0.324
1006.000	4.426	4.751	-0.325
1007.000	4.426	4.751	-0.325
1008.000	4.426	4.751	-0.325
1009.000	4.426	4.750	-0.324
1010.000	4.426	4.750	-0.324
1011.000	4.426	4.750	-0.324
1012.000	4.426	4.750	-0.324
1013.000	4.426	4.750	-0.324
1014.000	4.426	4.750	-0.324
1015.000	4.426	4.750	-0.324
1016.000	4.426	4.751	-0.325
1017.000	4.426	4.750	-0.324
1018.000	4.426	4.750	-0.325
1019.000	4.426	4.750	-0.324
1020.000	4.426	4.750	-0.324
1021.000	4.426	4.750	-0.325
1022.000	4.426	4.750	-0.324
1023.000	4.426	4.751	-0.325
1024.000	4.426	4.750	-0.324
1025.000	4.426	4.750	-0.324
1026.000	4.426	4.751	-0.325
1027.000	4.426	4.751	-0.325
1028.000	4.426	4.750	-0.324
1029.000	4.426	4.750	-0.324
1030.000	4.426	4.752	-0.326
1031.000	4.426	4.751	-0.325
1032.000	4.426	4.751	-0.325
1033.000	4.426	4.751	-0.325
1034.000	4.426	4.751	-0.325
1035.000	4.426	4.751	-0.325
1036.000	4.426	4.750	-0.324
1037.000	4.426	4.751	-0.325
1038.000	4.426	4.750	-0.324
1039.000	4.426	4.750	-0.324
1040.000	4.426	4.750	-0.324
1041.000	4.426	4.750	-0.324
1042.000	4.426	4.750	-0.324
1043.000	4.426	4.750	-0.324
1044.000	4.426	4.750	-0.324
1045.000	4.426	4.750	-0.324
1046.000	4.426	4.750	-0.325
1047.000	4.426	4.750	-0.324
1048.000	4.426	4.750	-0.325
1049.000	4.426	4.749	-0.324
1050.000	4.426	4.750	-0.324
1051.000	4.426	4.750	-0.325
1052.000	4.426	4.750	-0.325
1053.000	4.426	4.750	-0.325
1054.000	4.426	4.750	-0.324
1055.000	4.426	4.751	-0.325
1056.000	4.426	4.751	-0.325
1057.000	4.426	4.751	-0.325
1058.000	4.426	4.751	-0.325
1059.000	4.426	4.750	-0.324
1060.000	4.426	4.751	-0.325
1061.000	4.426	4.751	-0.325
1062.000	4.426	4.751	-0.325
1063.000	4.426	4.751	-0.325
1064.000	4.426	4.751	-0.325
1065.000	4.426	4.751	-0.325
1066.000	4.426	4.751	-0.325
1067.000	4.428	4.750	-0.323
1068.000	4.428	4.750	-0.323
1069.000	4.426	4.751	-0.324
1070.000	4.426	4.750	-0.324
1071.000	4.428	4.750	-0.323
1072.000	4.426	4.750	-0.324
1073.000	4.426	4.750	-0.324
1074.000	4.426	4.751	-0.324
1075.000	4.428	4.750	-0.322
1076.000	4.428	4.752	-0.324
1077.000	4.427	4.751	-0.324
1078.000	4.428	4.751	-0.323
1079.000	4.428	4.751	-0.323
1080.000	4.427	4.751	-0.325
1081.000	4.428	4.751	-0.323
1082.000	4.428	4.752	-0.324
1083.000	4.428	4.751	-0.323
1084.000	4.428	4.752	-0.324
1085.000	4.428	4.751	-0.323
1086.000	4.428	4.752	-0.324
1087.000	4.428	4.750	-0.322
1088.000	4.428	4.751	-0.322
1089.000	4.428	4.750	-0.322
1090.000	4.428	4.751	-0.323
1091.000	4.428	4.752	-0.324
1092.000	4.428	4.750	-0.322
1093.000	4.428	4.750	-0.322
1094.000	4.428	4.750	-0.322
1095.000	4.428	4.750	-0.322
1096.000	4.428	4.751	-0.323
1097.000	4.428	4.751	-0.323
1098.000	4.428	4.751	-0.323
1099.000	4.428	4.751	-0.323
1100.000	4.428	4.751	-0.323
1101.000	4.428	4.750	-0.322
1102.000	4.428	4.751	-0.322
1103.000	4.428	4.752	-0.323
1104.000	4.428	4.751	-0.323
1105.000	4.428	4.752	-0.323
1106.000	4.428	4.751	-0.323
1107.000	4.428	4.751	-0.323
1108.000	4.428	4.752	-0.324
1109.000	4.428	4.751	-0.323
1110.000	4.428	4.751	-0.322
1111.000	4.429	4.751	-0.322
1112.000	4.429	4.751	-0.323
1113.000	4.429	4.751	-0.322
1114.000	4.429	4.752	-0.323
1115.000	4.429	4.752	-0.323
1116.000	4.429	4.752	-0.323
1117.000	4.429	4.752	-0.323
1118.000	4.429	4.751	-0.323
1119.000	4.429	4.751	-0.322
1120.000	4.429	4.751	-0.322
1121.000	4.429	4.751	-0.322
1122.000	4.429	4.752	-0.323
1123.000	4.429	4.751	-0.322
1124.000	4.429	4.751	-0.322
1125.000	4.429	4.752	-0.323
1126.000	4.429	4.752	-0.324
1127.000	4.429	4.751	-0.322
1128.000	4.429	4.750	-0.321
1129.000	4.429	4.750	-0.322
1130.000	4.428	4.750	-0.322
1131.000	4.429	4.751	-0.322
1132.000	4.429	4.751	-0.322
1133.000	4.429	4.751	-0.322
1134.000	4.429	4.751	-0.322
1135.000	4.429	4.751	-0.322
1136.000	4.429	4.752	-0.323
1137.000	4.429	4.751	-0.322
1138.000	4.429	4.751	-0.323
1139.000	4.429	4.751	-0.322
1140.000	4.429	4.751	-0.322
1141.000	4.429	4.751	-0.322
1142.000	4.429	4.751	-0.322
1143.000	4.429	4.751	-0.323
1144.000	4.429	4.752	-0.323
1145.000	4.429	4.751	-0.322
1146.000	4.429	4.751	-0.322
1147.000	4.428	4.751	-0.322
1148.000	4.428	4.751	-0.323
1149.000	4.428	4.751	-0.323
1150.000	4.428	4.751	-0.323
1151.000	4.428	4.752	-0.323
1152.000	4.428	4.752	-0.324
1153.000	4.429	4.752	-0.323
1154.000	4.428	4.751	-0.322
1155.000	4.429	4.751	-0.322
1156.000	4.428	4.752	-0.323
1157.000	4.428	4.752	-0.323
1158.000	4.428	4.751	-0.322
1159.000	4.428	4.751	-0.323
1160.000	4.428	4.751	-0.323
1161.000	4.428	4.751	-0.322
1162.000	4.428	4.751	-0.323
1163.000	4.428	4.752	-0.323
1164.000	4.428	4.751	-0.323
1165.000	4.428	4.751	-0.323
1166.000	4.428	4.751	-0.323
1167.000	4.428	4.750	-0.322
1168.000	4.428	4.751	-0.323
1169.000	4.428	4.751	-0.323
1170.000	4.428	4.751	-0.322
1171.000	4.428	4.751	-0.322
1172.000	4.428	4.752	-0.323
1173.000	4.428	4.751	-0.323
1174.000	4.428	4.751	-0.322
1175.000	4.428	4.751	-0.323
1176.000	4.428	4.750	-0.322
1177.000	4.428	4.750	-0.322
1178.000	4.428	4.751	-0.323
1179.000	4.428	4.751	-0.323
1180.000	4.428	4.751	-0.323
1181.000	4.428	4.751	-0.323
1182.000	4.428	4.750	-0.322
1183.000	4.428	4.750	-0.322
1184.000	4.428	4.750	-0.322
1185.000	4.428	4.751	-0.323
1186.000	4.428	4.751	-0.323
1187.000	4.428	4.751	-0.323
1188.000	4.428	4.750	-0.322
1189.000	4.428	4.751	-0.323
1190.000	4.428	4.751	-0.323
1191.000	4.428	4.751	-0.323
1192.000	4.428	4.751	-0.323
1193.000	4.428	4.751	-0.323
1194.000	4.428	4.750	-0.323
1195.000	4.428	4.750	-0.323
1196.000	4.428	4.750	-0.322
1197.000	4.428	4.750	-0.322
1198.000	4.428	4.750	-0.323
1199.000	4.427	4.750	-0.323
1200.000	4.427	4.750	-0.323
1201.000	4.427	4.751	-0.324
1202.000	4.427	4.751	-0.324
1203.000	4.427	4.750	-0.323
1204.000	4.427	4.750	-0.323
1205.000	4.427	4.750	-0.323
1206.000	4.427	4.750	-0.323
1207.000	4.427	4.750	-0.323
1208.000	4.427	4.750	-0.324
1209.000	4.427	4.750	-0.323
1210.000	4.427	4.751	-0.324
1211.000	4.427	4.750	-0.323
1212.000	4.427	4.750	-0.323
1213.000	4.427	4.750	-0.323
1214.000	4.427	4.751	-0.324
1215.000	4.427	4.750	-0.323
1216.000	4.427	4.750	-0.323
1217.000	4.427	4.750	-0.323
1218.000	4.427	4.750	-0.323
1219.000	4.427	4.750	-0.323
1220.000	4.427	4.750	-0.324
1221.000	4.427	4.751	-0.324
1222.000	4.427	4.750	-0.323
1223.000	4.427	4.750	-0.323
1224.000	4.427	4.751	-0.324
1225.000	4.427	4.750	-0.323
1226.000	4.427	4.750	-0.323
1227.000	4.427	4.751	-0.324
1228.000	4.427	4.750	-0.324
1229.000	4.427	4.750	-0.324
1230.000	4.427	4.750	-0.324
1231.000	4.427	4.752	-0.325
1232.000	4.427	4.751	-0.324
1233.000	4.427	4.751	-0.324
1234.000	4.427	4.751	-0.324
1235.000	4.427	4.751	-0.324
1236.000	4.427	4.752	-0.325
1237.000	4.427	4.751	-0.324
1238.000	4.427	4.750	-0.323
1239.000	4.427	4.751	-0.324
1240.000	4.427	4.751	-0.324
1241.000	4.427	4.751	-0.324
1242.000	4.427	4.751	-0.324
1243.000	4.427	4.751	-0.324
1244.000	4.427	4.752	-0.324
1245.000	4.427	4.752	-0.324
1246.000	4.427	4.752	-0.324
1247.000	4.427	4.752	-0.324
1248.000	4.427	4.752	-0.325
1249.000	4.428	4.751	-0.324
1250.000	4.428	4.753	-0.325
1251.000	4.428	4.752	-0.324
1252.000	4.428	4.751	-0.323
1253.000	4.428	4.751	-0.323
1254.000	4.428	4.752	-0.324
1255.000	4.428	4.752	-0.324
1256.000	4.428	4.753	-0.325
1257.000	4.428	4.752	-0.324
1258.000	4.428	4.752	-0.324
1259.000	4.428	4.752	-0.324
1260.000	4.428	4.752	-0.325
1261.000	4.428	4.753	-0.325
1262.000	4.428	4.752	-0.325
1263.000	4.428	4.752	-0.325
1264.000	4.428	4.751	-0.324
1265.000	4.428	4.752	-0.324
1266.000	4.428	4.752	-0.324
1267.000	4.428	4.752	-0.324
1268.000	4.428	4.751	-0.324
1269.000	4.428	4.752	-0.324
1270.000	4.427	4.751	-0.324
1271.000	4.428	4.752	-0.324
1272.000	4.428	4.751	-0.323
1273.000	4.428	4.752	-0.324
1274.000	4.428	4.751	-0.323
1275.000	4.428	4.751	-0.324
1276.000	4.428	4.752	-0.324
1277.000	4.428	4.752	-0.324
1278.000	4.427	4.752	-0.324
1279.000	4.428	4.751	-0.324
1280.000	4.427	4.750	-0.323
1281.000	4.427	4.751	-0.324
1282.000	4.427	4.752	-0.325
1283.000	4.427	4.752	-0.325
1284.000	4.427	4.751	-0.324
1285.000	4.427	4.752	-0.325
1286.000	4.427	4.752	-0.325
1287.000	4.427	4.752	-0.324
1288.000	4.427	4.752	-0.325
1289.000	4.427	4.751	-0.324
1290.000	4.427	4.751	-0.324
1291.000	4.427	4.752	-0.325
1292.000	4.427	4.751	-0.324
1293.000	4.427	4.751	-0.324
1294.000	4.427	4.751	-0.324
1295.000	4.427	4.751	-0.324
1296.000	4.427	4.751	-0.324
1297.000	4.427	4.751	-0.324
1298.000	4.427	4.751	-0.324
1299.000	4.427	4.751	-0.324
1300.000	4.427	4.750	-0.324
1301.000	4.427	4.752	-0.325
1302.000	4.427	4.751	-0.324
1303.000	4.427	4.751	-0.324
1304.000	4.427	4.751	-0.324
1305.000	4.427	4.751	-0.324
1306.000	4.427	4.751	-0.324
1307.000	4.427	4.751	-0.324
1308.000	4.427	4.751	-0.324
1309.000	4.427	4.751	-0.324
1310.000	4.427	4.751	-0.325
1311.000	4.427	4.751	-0.324
1312.000	4.426	4.750	-0.324
1313.000	4.426	4.750	-0.324
1314.000	4.426	4.751	-0.324
1315.000	4.427	4.751	-0.324
1316.000	4.426	4.751	-0.325
1317.000	4.426	4.752	-0.325
1318.000	4.426	4.751	-0.324
1319.000	4.426	4.751	-0.325
1320.000	4.426	4.751	-0.324
1321.000	4.426	4.750	-0.324
1322.000	4.426	4.752	-0.325
1323.000	4.426	4.751	-0.325
1324.000	4.426	4.751	-0.325
1325.000	4.426	4.751	-0.325
1326.000	4.426	4.750	-0.324
1327.000	4.426	4.750	-0.324
1328.000	4.426	4.751	-0.325
1329.000	4.426	4.752	-0.326
1330.000	4.426	4.751	-0.325
1331.000	4.426	4.751	-0.325
1332.000	4.426	4.751	-0.325
1333.000	4.426	4.750	-0.324
1334.000	4.426	4.750	-0.324
1335.000	4.426	4.751	-0.325
1336.000	4.426	4.751	-0.325
1337.000	4.426	4.750	-0.325
1338.000	4.426	4.750	-0.324
1339.000	4.426	4.750	-0.324
1340.000	4.426	4.751	-0.325
1341.000	4.426	4.751	-0.325
1342.000	4.426	4.750	-0.325
1343.000	4.426	4.750	-0.325
1344.000	4.426	4.751	-0.325
1345.000	4.426	4.750	-0.324
1346.000	4.426	4.750	-0.325
1347.000	4.426	4.751	-0.325
1348.000	4.425	4.751	-0.326
1349.000	4.425	4.751	-0.326
1350.000	4.425	4.752	-0.326
1351.000	4.425	4.752	-0.326
1352.000	4.425	4.752	-0.326
1353.000	4.425	4.751	-0.326
1354.000	4.425	4.750	-0.325
1355.000	4.425	4.750	-0.325
1356.000	4.425	4.750	-0.325
1357.000	4.425	4.751	-0.326
1358.000	4.425	4.750	-0.325
1359.000	4.425	4.749	-0.324
1360.000	4.425	4.750	-0.325
1361.000	4.425	4.750	-0.325
1362.000	4.425	4.750	-0.325
1363.000	4.425	4.751	-0.326
1364.000	4.425	4.750	-0.325
1365.000	4.425	4.752	-0.326
1366.000	4.425	4.751	-0.326
1367.000	4.425	4.751	-0.325
1368.000	4.425	4.752	-0.326
1369.000	4.425	4.750	-0.325
1370.000	4.425	4.749	-0.324
1371.000	4.425	4.751	-0.326
1372.000	4.425	4.751	-0.326
1373.000	4.425	4.751	-0.326
1374.000	4.425	4.750	-0.325
1375.000	4.425	4.750	-0.324
1376.000	4.425	4.750	-0.325
1377.000	4.425	4.750	-0.325
1378.000	4.425	4.751	-0.325
1379.000	4.425	4.751	-0.325
1380.000	4.426	4.751	-0.325
1381.000	4.426	4.751	-0.325
1382.000	4.426	4.751	-0.326
1383.000	4.426	4.750	-0.324
1384.000	4.426	4.750	-0.325
1385.000	4.426	4.751	-0.325
1386.000	4.426	4.752	-0.326
1387.000	4.426	4.751	-0.326
1388.000	4.426	4.751	-0.326
1389.000	4.426	4.751	-0.325
1390.000	4.426	4.752	-0.326
1391.000	4.426	4.752	-0.327
1392.000	4.426	4.751	-0.325
1393.000	4.426	4.750	-0.324
1394.000	4.426	4.751	-0.325
1395.000	4.426	4.751	-0.325
1396.000	4.426	4.753	-0.327
1397.000	4.426	4.751	-0.326
1398.000	4.426	4.751	-0.325
1399.000	4.426	4.750	-0.325
1400.000	4.426	4.751	-0.325
1401.000	4.426	4.751	-0.325
1402.000	4.426	4.752	-0.326
1403.000	4.426	4.751	-0.325
1404.000	4.426	4.751	-0.325
1405.000	4.426	4.751	-0.326
1406.000	4.426	4.752	-0.326
1407.000	4.426	4.752	-0.327
1408.000	4.426	4.751	-0.325
1409.000	4.426	4.751	-0.325
1410.000	4.426	4.752	-0.326
1411.000	4.426	4.752	-0.326
1412.000	4.426	4.752	-0.326
1413.000	4.426	4.752	-0.326
1414.000	4.426	4.752	-0.326
1415.000	4.426	4.751	-0.326
1416.000	4.426	4.752	-0.327
1417.000	4.426	4.752	-0.326
1418.000	4.425	4.751	-0.326
1419.000	4.425	4.752	-0.326
1420.000	4.425	4.752	-0.326
1421.000	4.425	4.751	-0.326
1422.000	4.425	4.752	-0.327
1423.000	4.425	4.752	-0.327
1424.000	4.425	4.751	-0.326
1425.000	4.425	4.751	-0.326
1426.000	4.425	4.752	-0.326
1427.000	4.425	4.751	-0.326
1428.000	4.425	4.751	-0.326
1429.000	4.425	4.751	-0.326
1430.000	4.425	4.751	-0.326
1431.000	4.425	4.750	-0.325
1432.000	4.425	4.751	-0.326
1433.000	4.425	4.751	-0.326
1434.000	4.425	4.751	-0.326
1435.000	4.425	4.751	-0.326
1436.000	4.425	4.751	-0.326
1437.000	4.425	4.752	-0.326
1438.000	4.426	4.752	-0.326
1439.000	4.425	4.752	-0.326
1440.000	4.425	4.752	-0.327
1441.000	4.425	4.752	-0.327
1442.000	4.425	4.751	-0.326
1443.000	4.426	4.751	-0.326
1444.000	4.426	4.753	-0.327
1445.000	4.426	4.752	-0.326
1446.000	4.426	4.752	-0.326
1447.000	4.426	4.751	-0.325
1448.000	4.426	4.751	-0.326
1449.000	4.426	4.751	-0.325
1450.000	4.426	4.751	-0.326
1451.000	4.426	4.752	-0.326
1452.000	4.426	4.752	-0.326
1453.000	4.426	4.751	-0.325
1454.000	4.426	4.752	-0.326
1455.000	4.426	4.752	-0.326
1456.000	4.426	4.752	-0.326
1457.000	4.426	4.752	-0.326
1458.000	4.426	4.752	-0.326
1459.000	4.426	4.752	-0.326
1460.000	4.426	4.752	-0.326
1461.000	4.426	4.751	-0.325
1462.000	4.426	4.751	-0.325
1463.000	4.426	4.752	-0.326
1464.000	4.426	4.752	-0.325
1465.000	4.426	4.752	-0.325
1466.000	4.426	4.752	-0.326
1467.000	4.426	4.751	-0.325
1468.000	4.426	4.752	-0.326
1469.000	4.426	4.752	-0.326
1470.000	4.426	4.752	-0.326
1471.000	4.426	4.752	-0.326
1472.000	4.426	4.752	-0.326
1473.000	4.426	4.752	-0.326
1474.000	4.426	4.751	-0.325
1475.000	4.426	4.752	-0.326
1476.000	4.426	4.751	-0.325
1477.000	4.426	4.752	-0.326
1478.000	4.426	4.752	-0.326
1479.000	4.426	4.752	-0.326
1480.000	4.426	4.752	-0.326
1481.000	4.426	4.752	-0.326
1482.000	4.426	4.752	-0.326
1483.000	4.426	4.751	-0.325
1484.000	4.426	4.751	-0.326
1485.000	4.426	4.751	-0.326
1486.000	4.426	4.751	-0.325
1487.000	4.426	4.751	-0.326
1488.000	4.426	4.752	-0.326
1489.000	4.426	4.752	-0.326
1490.000	4.426	4.752	-0.326
1491.000	4.426	4.752	-0.326
1492.000	4.426	4.751	-0.325
1493.000	4.426	4.752	-0.326
1494.000	4.426	4.752	-0.326
1495.000	4.426	4.752	-0.326
1496.000	4.426	4.752	-0.327
1497.000	4.426	4.752	-0.326
1498.000	4.426	4.752	-0.326
1499.000	4.426	4.752	-0.326
1500.000	4.426	4.752	-0.326
1501.000	4.426	4.751	-0.326
1502.000	4.426	4.752	-0.326
1503.000	4.426	4.752	-0.326
1504.000	4.426	4.751	-0.326
1505.000	4.426	4.752	-0.326
1506.000	4.426	4.751	-0.326
1507.000	4.426	4.751	-0.325
1508.000	4.426	4.751	-0.325
1509.000	4.426	4.752	-0.325
1510.000	4.426	4.752	-0.326
1511.000	4.426	4.751	-0.325
1512.000	4.426	4.751	-0.324
1513.000	4.426	4.751	-0.324
1514.000	4.426	4.751	-0.324
1515.000	4.426	4.751	-0.324
1516.000	4.426	4.751	-0.324
1517.000	4.426	4.751	-0.325
1518.000	4.427	4.752	-0.325
1519.000	4.427	4.752	-0.325
1520.000	4.427	4.752	-0.325
1521.000	4.427	4.752	-0.325
1522.000	4.427	4.751	-0.324
1523.000	4.427	4.752	-0.325
1524.000	4.427	4.752	-0.324
1525.000	4.427	4.752	-0.324
1526.000	4.427	4.751	-0.324
1527.000	4.427	4.751	-0.324
1528.000	4.428	4.752	-0.324
1529.000	4.428	4.751	-0.323
1530.000	4.428	4.750	-0.323
1531.000	4.428	4.751	-0.324
1532.000	4.428	4.752	-0.324
1533.000	4.428	4.752	-0.324
1534.000	4.428	4.752	-0.324
1535.000	4.428	4.752	-0.324
1536.000	4.428	4.752	-0.324
1537.000	4.428	4.752	-0.324
1538.000	4.428	4.752	-0.324
1539.000	4.428	4.752	-0.324
1540.000	4.428	4.752	-0.324
1541.000	4.428	4.752	-0.324
1542.000	4.428	4.752	-0.324
1543.000	4.428	4.752	-0.324
1544.000	4.428	4.752	-0.324
1545.000	4.428	4.752	-0.324
1546.000	4.428	4.752	-0.324
1547.000	4.428	4.751	-0.323
1548.000	4.428	4.751	-0.323
1549.000	4.428	4.751	-0.323
1550.000	4.428	4.752	-0.324
1551.000	4.428	4.752	-0.324
1552.000	4.428	4.752	-0.324
1553.000	4.428	4.751	-0.323
1554.000	4.428	4.752	-0.324
1555.000	4.428	4.752	-0.324
1556.000	4.428	4.752	-0.323
1557.000	4.428	4.751	-0.323
1558.000	4.428	4.752	-0.324
1559.000	4.428	4.752	-0.323
1560.000	4.428	4.751	-0.323
1561.000	4.428	4.751	-0.323
1562.000	4.428	4.751	-0.323
1563.000	4.428	4.749	-0.321
1564.000	4.428	4.751	-0.323
1565.000	4.428	4.751	-0.323
1566.000	4.428	4.750	-0.322
1567.000	4.428	4.751	-0.322
1568.000	4.428	4.751	-0.323
1569.000	4.428	4.751	-0.323
1570.000	4.428	4.751	-0.323
1571.000	4.428	4.751	-0.323
1572.000	4.428	4.751	-0.322
1573.000	4.428	4.752	-0.323
1574.000	4.428	4.751	-0.323
1575.000	4.428	4.752	-0.323
1576.000	4.428	4.751	-0.323
1577.000	4.428	4.751	-0.323
1578.000	4.428	4.751	-0.323
1579.000	4.428	4.752	-0.323
1580.000	4.429	4.752	-0.323
1581.000	4.429	4.752	-0.323
1582.000	4.428	4.751	-0.323
1583.000	4.429	4.751	-0.322
1584.000	4.429	4.751	-0.322
1585.000	4.429	4.752	-0.323
1586.000	4.429	4.751	-0.322
1587.000	4.429	4.751	-0.323
1588.000	4.429	4.750	-0.322
1589.000	4.429	4.751	-0.322
1590.000	4.429	4.751	-0.322
1591.000	4.429	4.751	-0.322
1592.000	4.429	4.751	-0.322
1593.000	4.429	4.751	-0.322
1594.000	4.429	4.751	-0.322
1595.000	4.429	4.751	-0.322
1596.000	4.429	4.750	-0.322
1597.000	4.429	4.751	-0.322
1598.000	4.429	4.751	-0.322
1599.000	4.429	4.752	-0.323
1600.000	4.429	4.752	-0.322
1601.000	4.429	4.752	-0.322
1602.000	4.429	4.752	-0.322
1603.000	4.429	4.752	-0.322
1604.000	4.429	4.752	-0.323
1605.000	4.429	4.751	-0.321
1606.000	4.429	4.751	-0.322
1607.000	4.429	4.751	-0.322
1608.000	4.429	4.751	-0.321
1609.000	4.430	4.751	-0.321
1610.000	4.430	4.751	-0.321
1611.000	4.430	4.751	-0.321
1612.000	4.430	4.751	-0.321
1613.000	4.430	4.752	-0.323
1614.000	4.430	4.752	-0.322
1615.000	4.430	4.751	-0.321
1616.000	4.430	4.751	-0.321
1617.000	4.430	4.752	-0.322
1618.000	4.430	4.751	-0.322
1619.000	4.430	4.751	-0.322
1620.000	4.430	4.751	-0.322
1621.000	4.430	4.751	-0.321
1622.000	4.430	4.751	-0.322
1623.000	4.430	4.752	-0.322
1624.000	4.430	4.751	-0.322
1625.000	4.430	4.751	-0.322
1626.000	4.430	4.750	-0.321
1627.000	4.430	4.751	-0.321
1628.000	4.430	4.751	-0.321
1629.000	4.430	4.752	-0.322
1630.000	4.430	4.752	-0.322
1631.000	4.430	4.752	-0.322
1632.000	4.430	4.751	-0.321
1633.000	4.430	4.751	-0.321
1634.000	4.430	4.751	-0.321
1635.000	4.430	4.751	-0.321
1636.000	4.430	4.751	-0.321
1637.000	4.430	4.752	-0.322
1638.000	4.430	4.751	-0.321
1639.000	4.430	4.751	-0.321
1640.000	4.430	4.752	-0.322
1641.000	4.430	4.751	-0.321
1642.000	4.430	4.751	-0.321
1643.000	4.430	4.751	-0.321
1644.000	4.430	4.752	-0.322
1645.000	4.430	4.752	-0.322
1646.000	4.430	4.752	-0.322
1647.000	4.430	4.752	-0.322
1648.000	4.430	4.752	-0.322
1649.000	4.430	4.752	-0.321
1650.000	4.430	4.752	-0.322
1651.000	4.430	4.752	-0.322
1652.000	4.430	4.753	-0.322
1653.000	4.430	4.753	-0.322
1654.000	4.430	4.753	-0.322
1655.000	4.430	4.752	-0.321
1656.000	4.430	4.752	-0.322
1657.000	4.431	4.752	-0.322
1658.000	4.431	4.753	-0.322
1659.000	4.431	4.752	-0.322
1660.000	4.431	4.751	-0.321
1661.000	4.431	4.751	-0.320
1662.000	4.431	4.752	-0.321
1663.000	4.431	4.751	-0.320
1664.000	4.431	4.751	-0.321
1665.000	4.431	4.752	-0.321
1666.000	4.431	4.752	-0.322
1667.000	4.431	4.752	-0.321
1668.000	4.431	4.752	-0.321
1669.000	4.431	4.751	-0.320
1670.000	4.431	4.751	-0.320
1671.000	4.431	4.751	-0.320
1672.000	4.431	4.752	-0.320
1673.000	4.431	4.752	-0.321
1674.000	4.431	4.752	-0.321
1675.000	4.431	4.753	-0.322
1676.000	4.431	4.752	-0.321
1677.000	4.431	4.751	-0.320
1678.000	4.431	4.752	-0.321
1679.000	4.431	4.752	-0.321
1680.000	4.431	4.752	-0.321
1681.000	4.431	4.751	-0.321
1682.000	4.431	4.752	-0.321
1683.000	4.431	4.753	-0.322
1684.000	4.431	4.752	-0.322
1685.000	4.431	4.751	-0.321
1686.000	4.430	4.751	-0.321
1687.000	4.430	4.751	-0.321
1688.000	4.430	4.751	-0.321
1689.000	4.430	4.752	-0.321
1690.000	4.430	4.751	-0.321
1691.000	4.430	4.751	-0.321
1692.000	4.430	4.751	-0.321
1693.000	4.430	4.751	-0.321
1694.000	4.430	4.751	-0.321
1695.000	4.430	4.751	-0.321
1696.000	4.430	4.752	-0.322
1697.000	4.430	4.751	-0.322
1698.000	4.430	4.751	-0.321
1699.000	4.430	4.751	-0.321
1700.000	4.430	4.751	-0.321
1701.000	4.430	4.751	-0.321
1702.000	4.430	4.752	-0.322
1703.000	4.430	4.751	-0.321
1704.000	4.430	4.751	-0.321
1705.000	4.430	4.751	-0.321
1706.000	4.430	4.752	-0.322
1707.000	4.430	4.751	-0.322
1708.000	4.430	4.751	-0.321
1709.000	4.430	4.752	-0.322
1710.000	4.430	4.751	-0.321
1711.000	4.430	4.751	-0.321
1712.000	4.430	4.751	-0.321
1713.000	4.430	4.751	-0.321
1714.000	4.430	4.750	-0.321
1715.000	4.430	4.750	-0.321
1716.000	4.430	4.750	-0.321
1717.000	4.430	4.750	-0.321
1718.000	4.430	4.750	-0.321
1719.000	4.430	4.751	-0.321
1720.000	4.430	4.750	-0.320
1721.000	4.430	4.751	-0.321
1722.000	4.430	4.751	-0.321
1723.000	4.430	4.750	-0.321
1724.000	4.430	4.751	-0.321
1725.000	4.430	4.750	-0.321
1726.000	4.430	4.750	-0.321
1727.000	4.430	4.750	-0.320
1728.000	4.430	4.750	-0.321
1729.000	4.430	4.751	-0.321
1730.000	4.430	4.751	-0.321
1731.000	4.430	4.750	-0.321
1732.000	4.429	4.751	-0.321
1733.000	4.430	4.751	-0.321
1734.000	4.430	4.750	-0.321
1735.000	4.429	4.750	-0.321
1736.000	4.429	4.750	-0.321
1737.000	4.429	4.750	-0.321
1738.000	4.429	4.750	-0.321
1739.000	4.429	4.749	-0.320
1740.000	4.429	4.750	-0.321
1741.000	4.429	4.750	-0.321
1742.000	4.429	4.751	-0.322
1743.000	4.429	4.750	-0.321
1744.000	4.429	4.751	-0.322
1745.000	4.429	4.750	-0.321
1746.000	4.429	4.751	-0.322
1747.000	4.429	4.751	-0.322
1748.000	4.429	4.750	-0.322
1749.000	4.429	4.750	-0.321
1750.000	4.429	4.750	-0.321
1751.000	4.429	4.750	-0.321
1752.000	4.428	4.750	-0.321
1753.000	4.428	4.750	-0.322
1754.000	4.428	4.750	-0.322
1755.000	4.428	4.750	-0.322
1756.000	4.428	4.750	-0.322
1757.000	4.428	4.750	-0.322
1758.000	4.428	4.750	-0.322
1759.000	4.428	4.751	-0.323
1760.000	4.428	4.750	-0.322
1761.000	4.428	4.751	-0.322
1762.000	4.428	4.751	-0.322
1763.000	4.428	4.750	-0.322
1764.000	4.428	4.750	-0.322
1765.000	4.428	4.750	-0.321
1766.000	4.428	4.750	-0.322
1767.000	4.428	4.750	-0.322
1768.000	4.428	4.750	-0.322
1769.000	4.428	4.750	-0.322
1770.000	4.429	4.750	-0.321
1771.000	4.429	4.749	-0.321
1772.000	4.429	4.750	-0.321
1773.000	4.429	4.750	-0.321
1774.000	4.429	4.750	-0.321
1775.000	4.429	4.749	-0.321
1776.000	4.429	4.750	-0.321
1777.000	4.429	4.751	-0.322
1778.000	4.429	4.751	-0.322
1779.000	4.429	4.751	-0.322
1780.000	4.429	4.751	-0.322
1781.000	4.429	4.750	-0.320
1782.000	4.429	4.750	-0.321
1783.000	4.429	4.750	-0.320
1784.000	4.429	4.750	-0.321
1785.000	4.429	4.750	-0.321
1786.000	4.429	4.750	-0.321
1787.000	4.429	4.750	-0.320
1788.000	4.430	4.750	-0.320
1789.000	4.430	4.750	-0.320
1790.000	4.430	4.750	-0.320
1791.000	4.430	4.750	-0.321
1792.000	4.430	4.750	-0.321
1793.000	4.430	4.750	-0.321
1794.000	4.430	4.751	-0.321
1795.000	4.430	4.751	-0.321
1796.000	4.430	4.751	-0.321
1797.000	4.430	4.751	-0.321
1798.000	4.430	4.751	-0.321
1799.000	4.430	4.752	-0.322
1800.000	4.430	4.751	-0.321
1801.000	4.429	4.751	-0.322
1802.000	4.429	4.751	-0.322
1803.000	4.429	4.751	-0.321
1804.000	4.429	4.751	-0.322
1805.000	4.429	4.751	-0.322
1806.000	4.430	4.751	-0.322
1807.000	4.429	4.752	-0.322
1808.000	4.429	4.751	-0.322
1809.000	4.430	4.751	-0.322
1810.000	4.430	4.751	-0.322
1811.000	4.429	4.752	-0.322
1812.000	4.429	4.752	-0.323
1813.000	4.429	4.752	-0.323
1814.000	4.429	4.751	-0.322
1815.000	4.429	4.752	-0.323
1816.000	4.429	4.751	-0.322
1817.000	4.429	4.752	-0.322
1818.000	4.429	4.751	-0.322
1819.000	4.429	4.751	-0.322
1820.000	4.429	4.751	-0.322
1821.000	4.429	4.751	-0.321
1822.000	4.429	4.752	-0.322
1823.000	4.429	4.752	-0.323
1824.000	4.429	4.752	-0.322
1825.000	4.429	4.751	-0.322
1826.000	4.429	4.751	-0.322
1827.000	4.429	4.752	-0.323
1828.000	4.429	4.751	-0.322
1829.000	4.429	4.751	-0.322
1830.000	4.429	4.751	-0.322
1831.000	4.429	4.751	-0.322
1832.000	4.429	4.751	-0.322
1833.000	4.429	4.751	-0.322
1834.000	4.429	4.752	-0.323
1835.000	4.429	4.752	-0.323
1836.000	4.429	4.752	-0.323
1837.000	4.429	4.750	-0.321
1838.000	4.429	4.750	-0.321
1839.000	4.429	4.751	-0.322
1840.000	4.429	4.751	-0.322
1841.000	4.429	4.751	-0.322
1842.000	4.429	4.750	-0.321
1843.000	4.429	4.751	-0.322
1844.000	4.429	4.751	-0.322
1845.000	4.429	4.750	-0.321
1846.000	4.429	4.750	-0.321
1847.000	4.429	4.750	-0.322
1848.000	4.429	4.751	-0.322
1849.000	4.429	4.751	-0.322
1850.000	4.429	4.751	-0.322
1851.000	4.429	4.751	-0.322
1852.000	4.428	4.751	-0.323
1853.000	4.429	4.751	-0.323
1854.000	4.429	4.751	-0.322
1855.000	4.428	4.751	-0.322
1856.000	4.428	4.751	-0.322
1857.000	4.428	4.750	-0.322
1858.000	4.428	4.751	-0.323
1859.000	4.428	4.750	-0.322
1860.000	4.428	4.750	-0.322
1861.000	4.428	4.751	-0.322
1862.000	4.428	4.751	-0.323
1863.000	4.428	4.750	-0.322
1864.000	4.428	4.750	-0.322
1865.000	4.428	4.751	-0.323
1866.000	4.428	4.750	-0.322
1867.000	4.428	4.750	-0.322
1868.000	4.428	4.751	-0.323
1869.000	4.428	4.750	-0.323
1870.000	4.428	4.750	-0.322
1871.000	4.428	4.750	-0.322
1872.000	4.428	4.751	-0.323
1873.000	4.428	4.751	-0.323
1874.000	4.428	4.751	-0.323
1875.000	4.428	4.751	-0.323
1876.000	4.428	4.752	-0.324
1877.000	4.428	4.751	-0.323
1878.000	4.428	4.751	-0.323
1879.000	4.428	4.751	-0.323
1880.000	4.428	4.751	-0.323
1881.000	4.428	4.750	-0.323
1882.000	4.428	4.750	-0.322
1883.000	4.428	4.750	-0.323
1884.000	4.428	4.751	-0.324
1885.000	4.428	4.751	-0.323
1886.000	4.428	4.751	-0.323
1887.000	4.428	4.751	-0.323
1888.000	4.428	4.750	-0.323
1889.000	4.428	4.750	-0.322
1890.000	4.428	4.751	-0.323
1891.000	4.428	4.751	-0.323
1892.000	4.428	4.751	-0.323
1893.000	4.428	4.751	-0.324
1894.000	4.428	4.751	-0.323
1895.000	4.428	4.750	-0.322
1896.000	4.428	4.751	-0.323
1897.000	4.428	4.750	-0.323
1898.000	4.428	4.750	-0.322
1899.000	4.428	4.750	-0.322
1900.000	4.428	4.750	-0.322
1901.000	4.428	4.751	-0.323
1902.000	4.428	4.750	-0.322
1903.000	4.428	4.750	-0.322
1904.000	4.428	4.750	-0.322
1905.000	4.428	4.750	-0.322
1906.000	4.428	4.750	-0.322
1907.000	4.428	4.751	-0.323
1908.000	4.428	4.751	-0.323
1909.000	4.428	4.751	-0.323
1910.000	4.428	4.751	-0.323
1911.000	4.428	4.750	-0.322
1912.000	4.428	4.750	-0.322
1913.000	4.428	4.751	-0.323
1914.000	4.428	4.751	-0.323
1915.000	4.428	4.750	-0.322
1916.000	4.428	4.750	-0.322
1917.000	4.428	4.751	-0.323
1918.000	4.428	4.750	-0.322
1919.000	4.428	4.750	-0.322
1920.000	4.428	4.750	-0.322
1921.000	4.428	4.751	-0.323
1922.000	4.428	4.750	-0.323
1923.000	4.428	4.750	-0.323
1924.000	4.428	4.751	-0.323
1925.000	4.428	4.750	-0.323
1926.000	4.428	4.750	-0.322
1927.000	4.428	4.751	-0.323
1928.000	4.428	4.750	-0.322
1929.000	4.428	4.750	-0.322
1930.000	4.428	4.751	-0.323
1931.000	4.428	4.750	-0.322
1932.000	4.428	4.750	-0.322
1933.000	4.427	4.750	-0.323
1934.000	4.427	4.751	-0.324
1935.000	4.428	4.750	-0.323
1936.000	4.428	4.751	-0.323
1937.000	4.427	4.751	-0.324
1938.000	4.427	4.751	-0.324
1939.000	4.427	4.750	-0.323
1940.000	4.427	4.751	-0.324
1941.000	4.427	4.751	-0.324
1942.000	4.427	4.751	-0.324
1943.000	4.427	4.751	-0.324
1944.000	4.427	4.751	-0.324
1945.000	4.427	4.751	-0.324
1946.000	4.427	4.751	-0.324
1947.000	4.427	4.751	-0.324
1948.000	4.427	4.751	-0.324
1949.000	4.427	4.751	-0.324
1950.000	4.427	4.750	-0.323
1951.000	4.427	4.751	-0.324
1952.000	4.427	4.751	-0.324
1953.000	4.427	4.751	-0.324
1954.000	4.427	4.750	-0.323
1955.000	4.427	4.750	-0.323
1956.000	4.427	4.751	-0.324
1957.000	4.427	4.750	-0.323
1958.000	4.427	4.751	-0.324
1959.000	4.427	4.750	-0.323
1960.000	4.427	4.750	-0.323
1961.000	4.427	4.751	-0.324
1962.000	4.427	4.751	-0.324
1963.000	4.427	4.750	-0.323
1964.000	4.427	4.750	-0.323
1965.000	4.427	4.751	-0.324
1966.000	4.427	4.751	-0.324
1967.000	4.427	4.751	-0.324
1968.000	4.427	4.751	-0.324
1969.000	4.427	4.750	-0.323
1970.000	4.427	4.750	-0.323
1971.000	4.427	4.751	-0.324
1972.000	4.427	4.751	-0.324
1973.000	4.427	4.750	-0.323
1974.000	4.427	4.750	-0.323
1975.000	4.427	4.750	-0.323
1976.000	4.427	4.751	-0.324
1977.000	4.427	4.751	-0.324
1978.000	4.427	4.751	-0.324
1979.000	4.427	4.751	-0.324
1980.000	4.427	4.751	-0.324
1981.000	4.427	4.751	-0.324
1982.000	4.427	4.752	-0.325
1983.000	4.427	4.751	-0.324
1984.000	4.427	4.751	-0.325
1985.000	4.427	4.751	-0.324
1986.000	4.427	4.752	-0.325
1987.000	4.427	4.751	-0.324
1988.000	4.427	4.751	-0.324
1989.000	4.427	4.751	-0.324
1990.000	4.427	4.752	-0.325
1991.000	4.427	4.752	-0.325
1992.000	4.427	4.752	-0.325
1993.000	4.426	4.752	-0.325
1994.000	4.426	4.750	-0.324
1995.000	4.426	4.751	-0.325
1996.000	4.426	4.752	-0.325
1997.000	4.426	4.751	-0.324
1998.000	4.426	4.751	-0.325
1999.000	4.426	4.751	-0.325
2000.000	4.426	4.752	-0.326
2001.000	4.426	4.752	-0.326
2002.000	4.426	4.752	-0.326
2003.000	4.426	4.752	-0.326
2004.000	4.426	4.751	-0.325
2005.000	4.426	4.751	-0.325
2006.000	4.426	4.751	-0.325
2007.000	4.426	4.751	-0.325
2008.000	4.426	4.751	-0.325
2009.000	4.426	4.752	-0.326
2010.000	4.426	4.751	-0.325
2011.000	4.426	4.751	-0.325
2012.000	4.426	4.751	-0.325
2013.000	4.426	4.752	-0.326
2014.000	4.426	4.751	-0.325
2015.000	4.426	4.752	-0.326
2016.000	4.426	4.752	-0.326
2017.000	4.426	4.751	-0.326
2018.000	4.426	4.751	-0.325
2019.000	4.426	4.751	-0.325
2020.000	4.426	4.751	-0.325
2021.000	4.426	4.751	-0.325
2022.000	4.426	4.752	-0.326
2023.000	4.426	4.751	-0.325
2024.000	4.426	4.751	-0.325
2025.000	4.426	4.752	-0.325
2026.000	4.426	4.751	-0.325
2027.000	4.426	4.751	-0.325
2028.000	4.426	4.752	-0.326
2029.000	4.426	4.752	-0.325
2030.000	4.426	4.751	-0.325
2031.000	4.426	4.751	-0.325
2032.000	4.426	4.751	-0.325
2033.000	4.426	4.751	-0.325
2034.000	4.426	4.752	-0.325
2035.000	4.426	4.751	-0.325
2036.000	4.426	4.752	-0.325
2037.000	4.426	4.751	-0.325
2038.000	4.426	4.752	-0.325
2039.000	4.426	4.752	-0.326
2040.000	4.426	4.752	-0.326
2041.000	4.426	4.751	-0.325
2042.000	4.426	4.752	-0.325
2043.000	4.426	4.752	-0.325
2044.000	4.426	4.752	-0.325
2045.000	4.426	4.752	-0.326
2046.000	4.426	4.752	-0.325
2047.000	4.426	4.752	-0.326
2048.000	4.426	4.752	-0.326
2049.000	4.426	4.751	-0.325
2050.000	4.426	4.752	-0.326
2051.000	4.426	4.751	-0.325
2052.000	4.426	4.751	-0.325
2053.000	4.426	4.751	-0.326
2054.000	4.426	4.751	-0.326
2055.000	4.426	4.752	-0.326
2056.000	4.426	4.751	-0.325
2057.000	4.426	4.751	-0.326
2058.000	4.426	4.752	-0.326
2059.000	4.426	4.751	-0.325
2060.000	4.426	4.751	-0.325
2061.000	4.426	4.752	-0.326
2062.000	4.426	4.752	-0.326
2063.000	4.426	4.752	-0.326
2064.000	4.426	4.752	-0.326
2065.000	4.426	4.751	-0.325
2066.000	4.426	4.751	-0.326
2067.000	4.426	4.753	-0.327
2068.000	4.426	4.752	-0.326
2069.000	4.426	4.753	-0.327
2070.000	4.426	4.753	-0.327
2071.000	4.426	4.752	-0.326
2072.000	4.426	4.752	-0.326
2073.000	4.426	4.753	-0.327
2074.000	4.426	4.752	-0.326
2075.000	4.426	4.752	-0.326
2076.000	4.426	4.753	-0.326
2077.000	4.426	4.752	-0.325
2078.000	4.426	4.752	-0.326
2079.000	4.426	4.752	-0.326
2080.000	4.426	4.752	-0.325
2081.000	4.427	4.752	-0.325
2082.000	4.426	4.752	-0.325
2083.000	4.426	4.752	-0.326
2084.000	4.426	4.752	-0.326
2085.000	4.426	4.752	-0.326
2086.000	4.426	4.752	-0.326
2087.000	4.426	4.752	-0.325
2088.000	4.426	4.752	-0.326
2089.000	4.426	4.752	-0.326
2090.000	4.426	4.753	-0.326
2091.000	4.426	4.752	-0.326
2092.000	4.426	4.751	-0.325
2093.000	4.426	4.752	-0.326
2094.000	4.426	4.752	-0.326
2095.000	4.426	4.752	-0.326
2096.000	4.426	4.752	-0.325
2097.000	4.426	4.752	-0.325
2098.000	4.426	4.752	-0.326
2099.000	4.426	4.752	-0.325
2100.000	4.426	4.751	-0.325
2101.000	4.426	4.751	-0.325
2102.000	4.426	4.752	-0.325
2103.000	4.426	4.752	-0.326
2104.000	4.426	4.752	-0.326
2105.000	4.426	4.752	-0.326
2106.000	4.426	4.753	-0.327
2107.000	4.426	4.753	-0.326
2108.000	4.426	4.752	-0.326
2109.000	4.426	4.752	-0.326
2110.000	4.426	4.753	-0.326
2111.000	4.426	4.752	-0.326
2112.000	4.426	4.752	-0.325
2113.000	4.426	4.751	-0.325
2114.000	4.426	4.752	-0.326
2115.000	4.426	4.752	-0.326
2116.000	4.426	4.752	-0.326
2117.000	4.427	4.752	-0.325
2118.000	4.427	4.752	-0.325
2119.000	4.427	4.752	-0.325
2120.000	4.427	4.752	-0.325
2121.000	4.427	4.752	-0.325
2122.000	4.427	4.752	-0.325
2123.000	4.427	4.753	-0.326
2124.000	4.427	4.753	-0.326
2125.000	4.427	4.752	-0.325
2126.000	4.427	4.752	-0.325
2127.000	4.427	4.752	-0.325
2128.000	4.427	4.752	-0.325
2129.000	4.427	4.752	-0.325
2130.000	4.427	4.753	-0.326
2131.000	4.427	4.752	-0.325
2132.000	4.427	4.752	-0.325
2133.000	4.427	4.752	-0.325
2134.000	4.427	4.752	-0.325
2135.000	4.427	4.752	-0.325
2136.000	4.428	4.752	-0.324
2137.000	4.428	4.752	-0.324
2138.000	4.428	4.752	-0.324
2139.000	4.428	4.753	-0.325
2140.000	4.428	4.752	-0.324
2141.000	4.428	4.753	-0.325
2142.000	4.428	4.753	-0.325
2143.000	4.428	4.753	-0.325
2144.000	4.428	4.753	-0.324
2145.000	4.428	4.753	-0.324
2146.000	4.428	4.752	-0.324
2147.000	4.428	4.752	-0.324
2148.000	4.428	4.752	-0.324
2149.000	4.429	4.752	-0.323
2150.000	4.429	4.752	-0.323
2151.000	4.429	4.752	-0.324
2152.000	4.429	4.752	-0.323
2153.000	4.429	4.753	-0.324
2154.000	4.429	4.752	-0.323
2155.000	4.429	4.752	-0.323
2156.000	4.429	4.753	-0.324
2157.000	4.429	4.752	-0.323
2158.000	4.429	4.752	-0.324
2159.000	4.429	4.752	-0.323
2160.000	4.429	4.753	-0.324
2161.000	4.429	4.752	-0.323
2162.000	4.429	4.752	-0.323
2163.000	4.429	4.752	-0.323
2164.000	4.429	4.752	-0.323
2165.000	4.429	4.752	-0.322
2166.000	4.429	4.752	-0.322
2167.000	4.429	4.752	-0.323
2168.000	4.429	4.752	-0.323
2169.000	4.429	4.752	-0.323
2170.000	4.429	4.752	-0.323
2171.000	4.429	4.752	-0.323
2172.000	4.429	4.752	-0.323
2173.000	4.429	4.752	-0.323
2174.000	4.429	4.753	-0.324
2175.000	4.429	4.752	-0.323
2176.000	4.429	4.752	-0.323
2177.000	4.429	4.751	-0.322
2178.000	4.429	4.751	-0.322
2179.000	4.429	4.752	-0.323
2180.000	4.429	4.751	-0.322
2181.000	4.429	4.751	-0.322
2182.000	4.429	4.752	-0.323
2183.000	4.429	4.752	-0.323
2184.000	4.429	4.752	-0.323
2185.000	4.429	4.753	-0.323
2186.000	4.429	4.753	-0.323
2187.000	4.429	4.753	-0.323
2188.000	4.429	4.752	-0.323
2189.000	4.429	4.752	-0.323
2190.000	4.429	4.752	-0.322
2191.000	4.429	4.751	-0.322
2192.000	4.429	4.752	-0.322
2193.000	4.429	4.752	-0.323
2194.000	4.429	4.752	-0.323
2195.000	4.429	4.751	-0.322
2196.000	4.429	4.752	-0.322
2197.000	4.429	4.752	-0.322
2198.000	4.430	4.752	-0.323
2199.000	4.430	4.752	-0.323
2200.000	4.430	4.752	-0.322
2201.000	4.430	4.752	-0.322
2202.000	4.430	4.752	-0.322
2203.000	4.430	4.751	-0.321
2204.000	4.430	4.752	-0.322
2205.000	4.430	4.752	-0.322
2206.000	4.430	4.751	-0.321
2207.000	4.430	4.751	-0.321
2208.000	4.430	4.752	-0.321
2209.000	4.430	4.753	-0.322
2210.000	4.430	4.752	-0.322
2211.000	4.430	4.752	-0.322
2212.000	4.430	4.752	-0.322
2213.000	4.430	4.752	-0.321
2214.000	4.430	4.752	-0.321
2215.000	4.430	4.751	-0.321
2216.000	4.430	4.751	-0.321
2217.000	4.430	4.752	-0.321
2218.000	4.430	4.751	-0.321
2219.000	4.430	4.751	-0.321
2220.000	4.430	4.752	-0.322
2221.000	4.430	4.751	-0.321
2222.000	4.430	4.751	-0.321
2223.000	4.430	4.751	-0.321
2224.000	4.430	4.751	-0.321
2225.000	4.430	4.751	-0.321
2226.000	4.430	4.752	-0.321
2227.000	4.430	4.751	-0.321
2228.000	4.430	4.751	-0.321
2229.000	4.430	4.751	-0.321
2230.000	4.430	4.752	-0.322
2231.000	4.430	4.752	-0.322
2232.000	4.430	4.752	-0.321
2233.000	4.430	4.751	-0.321
2234.000	4.430	4.751	-0.321
2235.000	4.430	4.751	-0.321
2236.000	4.430	4.751	-0.321
2237.000	4.430	4.751	-0.321
2238.000	4.430	4.751	-0.321
2239.000	4.430	4.752	-0.322
2240.000	4.430	4.751	-0.321
2241.000	4.430	4.752	-0.322
2242.000	4.430	4.751	-0.321
2243.000	4.430	4.751	-0.321
2244.000	4.430	4.751	-0.321
2245.000	4.429	4.751	-0.322
2246.000	4.430	4.751	-0.321
2247.000	4.430	4.750	-0.321
2248.000	4.430	4.751	-0.321
2249.000	4.429	4.751	-0.321
2250.000	4.430	4.751	-0.322
2251.000	4.430	4.751	-0.321
2252.000	4.430	4.751	-0.321
2253.000	4.430	4.751	-0.321
2254.000	4.430	4.751	-0.321
2255.000	4.430	4.751	-0.321
2256.000	4.430	4.750	-0.321
2257.000	4.429	4.750	-0.321
2258.000	4.430	4.751	-0.322
2259.000	4.430	4.750	-0.321
2260.000	4.430	4.751	-0.321
2261.000	4.430	4.752	-0.322
2262.000	4.430	4.751	-0.322
2263.000	4.430	4.751	-0.321
2264.000	4.430	4.751	-0.322
2265.000	4.430	4.751	-0.321
2266.000	4.430	4.751	-0.321
2267.000	4.430	4.752	-0.322
2268.000	4.430	4.751	-0.321
2269.000	4.430	4.751	-0.321
2270.000	4.430	4.752	-0.321
2271.000	4.430	4.752	-0.321
2272.000	4.431	4.751	-0.321
2273.000	4.430	4.752	-0.322
2274.000	4.430	4.752	-0.322
2275.000	4.431	4.752	-0.321
2276.000	4.431	4.752	-0.321
2277.000	4.431	4.752	-0.321
2278.000	4.431	4.752	-0.321
2279.000	4.431	4.751	-0.321
2280.000	4.431	4.751	-0.320
2281.000	4.431	4.751	-0.321
2282.000	4.431	4.751	-0.320
2283.000	4.431	4.750	-0.319
2284.000	4.431	4.751	-0.320
2285.000	4.431	4.751	-0.320
2286.000	4.431	4.751	-0.321
2287.000	4.431	4.751	-0.320
2288.000	4.431	4.751	-0.320
2289.000	4.431	4.751	-0.320
2290.000	4.431	4.751	-0.320
2291.000	4.431	4.751	-0.320
2292.000	4.431	4.751	-0.320
2293.000	4.431	4.751	-0.321
2294.000	4.431	4.751	-0.320
2295.000	4.431	4.751	-0.321
2296.000	4.431	4.751	-0.320
2297.000	4.431	4.751	-0.321
2298.000	4.431	4.752	-0.321
2299.000	4.431	4.752	-0.321
2300.000	4.431	4.751	-0.320
2301.000	4.431	4.752	-0.321
2302.000	4.431	4.752	-0.321
2303.000	4.431	4.751	-0.320
2304.000	4.431	4.750	-0.319
2305.000	4.431	4.751	-0.320
2306.000	4.431	4.751	-0.320
2307.000	4.431	4.752	-0.321
2308.000	4.431	4.751	-0.320
2309.000	4.431	4.752	-0.321
2310.000	4.431	4.752	-0.321
2311.000	4.431	4.751	-0.320
2312.000	4.431	4.752	-0.321
2313.000	4.431	4.752	-0.321
2314.000	4.431	4.751	-0.321
2315.000	4.431	4.751	-0.321
2316.000	4.431	4.752	-0.321
2317.000	4.431	4.752	-0.321
2318.000	4.431	4.752	-0.321
2319.000	4.431	4.752	-0.321
2320.000	4.431	4.752	-0.322
2321.000	4.431	4.752	-0.321
2322.000	4.430	4.751	-0.321
2323.000	4.430	4.752	-0.322
2324.000	4.430	4.752	-0.322
2325.000	4.430	4.751	-0.321
2326.000	4.430	4.751	-0.321
2327.000	4.430	4.751	-0.321
2328.000	4.430	4.750	-0.320
2329.000	4.430	4.751	-0.321
2330.000	4.430	4.751	-0.320
2331.000	4.430	4.751	-0.320
2332.000	4.430	4.752	-0.321
2333.000	4.430	4.752	-0.321
2334.000	4.430	4.752	-0.322
2335.000	4.430	4.751	-0.321
2336.000	4.430	4.752	-0.322
2337.000	4.430	4.752	-0.321
2338.000	4.430	4.751	-0.321
2339.000	4.430	4.751	-0.320
2340.000	4.430	4.751	-0.321
2341.000	4.431	4.751	-0.320
2342.000	4.431	4.751	-0.321
2343.000	4.431	4.751	-0.321
2344.000	4.431	4.750	-0.320
2345.000	4.431	4.751	-0.321
2346.000	4.431	4.751	-0.320
2347.000	4.431	4.750	-0.320
2348.000	4.431	4.752	-0.321
2349.000	4.431	4.752	-0.321
2350.000	4.431	4.752	-0.321
2351.000	4.431	4.752	-0.321
2352.000	4.431	4.753	-0.321
2353.000	4.431	4.752	-0.321
2354.000	4.431	4.752	-0.321
2355.000	4.431	4.752	-0.321
2356.000	4.431	4.752	-0.321
2357.000	4.431	4.752	-0.321
2358.000	4.431	4.752	-0.321
2359.000	4.431	4.752	-0.321
2360.000	4.431	4.752	-0.321
2361.000	4.431	4.752	-0.320
2362.000	4.431	4.752	-0.320
2363.000	4.431	4.752	-0.321
2364.000	4.431	4.753	-0.321
2365.000	4.431	4.752	-0.321
2366.000	4.431	4.752	-0.321
2367.000	4.431	4.752	-0.321
2368.000	4.431	4.753	-0.322
2369.000	4.431	4.752	-0.321
2370.000	4.431	4.752	-0.321
2371.000	4.431	4.752	-0.321
2372.000	4.431	4.752	-0.321
2373.000	4.431	4.753	-0.322
2374.000	4.431	4.752	-0.321
2375.000	4.431	4.752	-0.321
2376.000	4.431	4.752	-0.321
2377.000	4.431	4.752	-0.322
2378.000	4.431	4.752	-0.322
2379.000	4.431	4.753	-0.322
2380.000	4.431	4.752	-0.322
2381.000	4.431	4.753	-0.322
2382.000	4.431	4.753	-0.322
2383.000	4.431	4.752	-0.321
2384.000	4.430	4.752	-0.322
2385.000	4.430	4.751	-0.321
2386.000	4.430	4.752	-0.322
2387.000	4.430	4.752	-0.322
2388.000	4.430	4.752	-0.322
2389.000	4.430	4.752	-0.322
2390.000	4.430	4.751	-0.321
2391.000	4.430	4.752	-0.322
2392.000	4.430	4.752	-0.322
2393.000	4.430	4.752	-0.322
2394.000	4.430	4.753	-0.323
2395.000	4.430	4.753	-0.322
2396.000	4.430	4.752	-0.321
2397.000	4.430	4.752	-0.322
2398.000	4.430	4.752	-0.322
2399.000	4.430	4.751	-0.321
2400.000	4.430	4.753	-0.322
2401.000	4.431	4.753	-0.322
2402.000	4.431	4.753	-0.322
2403.000	4.431	4.753	-0.323
2404.000	4.431	4.753	-0.323
2405.000	4.431	4.753	-0.323
2406.000	4.431	4.753	-0.322
2407.000	4.431	4.753	-0.322
2408.000	4.431	4.753	-0.322
2409.000	4.431	4.752	-0.321
2410.000	4.431	4.752	-0.321
2411.000	4.431	4.751	-0.320
2412.000	4.431	4.751	-0.320
2413.000	4.431	4.752	-0.321
2414.000	4.431	4.752	-0.321
2415.000	4.431	4.753	-0.322
2416.000	4.431	4.751	-0.320
2417.000	4.431	4.752	-0.320
2418.000	4.431	4.752	-0.321
2419.000	4.431	4.752	-0.321
2420.000	4.431	4.752	-0.321
2421.000	4.431	4.752	-0.321
2422.000	4.431	4.752	-0.321
2423.000	4.431	4.752	-0.321
2424.000	4.431	4.752	-0.321
2425.000	4.431	4.752	-0.321
2426.000	4.431	4.752	-0.321
2427.000	4.431	4.752	-0.321
2428.000	4.431	4.752	-0.321
2429.000	4.431	4.752	-0.321
2430.000	4.431	4.752	-0.321
2431.000	4.431	4.751	-0.321
2432.000	4.431	4.752	-0.322
2433.000	4.431	4.751	-0.321
2434.000	4.431	4.752	-0.321
2435.000	4.431	4.753	-0.322
2436.000	4.431	4.752	-0.321
2437.000	4.431	4.751	-0.321
2438.000	4.431	4.752	-0.321
2439.000	4.430	4.752	-0.321
2440.000	4.430	4.752	-0.322
2441.000	4.431	4.752	-0.321
2442.000	4.431	4.753	-0.322
2443.000	4.431	4.752	-0.321
2444.000	4.430	4.751	-0.321
2445.000	4.430	4.752	-0.322
2446.000	4.430	4.752	-0.322
2447.000	4.430	4.752	-0.322
2448.000	4.430	4.751	-0.321
2449.000	4.430	4.752	-0.322
2450.000	4.430	4.751	-0.321
2451.000	4.430	4.752	-0.322
2452.000	4.430	4.752	-0.322
2453.000	4.430	4.752	-0.322
2454.000	4.430	4.751	-0.321
2455.000	4.430	4.751	-0.322
2456.000	4.430	4.751	-0.321
2457.000	4.430	4.750	-0.321
2458.000	4.430	4.751	-0.321
2459.000	4.430	4.751	-0.322
2460.000	4.430	4.752	-0.322
2461.000	4.430	4.751	-0.321
2462.000	4.430	4.751	-0.321
2463.000	4.430	4.752	-0.322
2464.000	4.430	4.751	-0.321
2465.000	4.430	4.750	-0.321
2466.000	4.430	4.751	-0.321
2467.000	4.430	4.753	-0.323
2468.000	4.430	4.753	-0.323
2469.000	4.430	4.752	-0.322
2470.000	4.430	4.752	-0.322
2471.000	4.430	4.752	-0.322
2472.000	4.430	4.753	-0.323
2473.000	4.430	4.752	-0.322
2474.000	4.430	4.753	-0.323
2475.000	4.430	4.752	-0.323
2476.000	4.430	4.751	-0.321
2477.000	4.430	4.752	-0.322
2478.000	4.430	4.752	-0.323
2479.000	4.430	4.751	-0.321
2480.000	4.430	4.751	-0.322
2481.000	4.430	4.751	-0.322
2482.000	4.430	4.751	-0.322
2483.000	4.430	4.752	-0.322
2484.000	4.430	4.752	-0.322
2485.000	4.430	4.751	-0.321
2486.000	4.430	4.752	-0.322
2487.000	4.430	4.752	-0.323
2488.000	4.430	4.752	-0.322
2489.000	4.430	4.751	-0.321
2490.000	4.430	4.752	-0.322
2491.000	4.430	4.753	-0.323
2492.000	4.430	4.752	-0.322
2493.000	4.430	4.752	-0.322
2494.000	4.430	4.753	-0.323
2495.000	4.430	4.752	-0.322
2496.000	4.430	4.752	-0.322
2497.000	4.430	4.752	-0.322
2498.000	4.430	4.753	-0.323
2499.000	4.430	4.753	-0.322
2500.000	4.430	4.752	-0.321
2501.000	4.430	4.752	-0.322
2502.000	4.430	4.752	-0.322
2503.000	4.430	4.752	-0.322
2504.000	4.430	4.751	-0.321
2505.000	4.430	4.751	-0.321
2506.000	4.430	4.751	-0.321
2507.000	4.430	4.751	-0.321
2508.000	4.430	4.752	-0.321
2509.000	4.430	4.752	-0.321
2510.000	4.430	4.751	-0.321
2511.000	4.430	4.752	-0.322
2512.000	4.430	4.753	-0.322
2513.000	4.430	4.752	-0.322
2514.000	4.430	4.751	-0.321
2515.000	4.430	4.752	-0.321
2516.000	4.430	4.752	-0.322
2517.000	4.430	4.752	-0.322
2518.000	4.430	4.752	-0.322
2519.000	4.430	4.752	-0.322
2520.000	4.430	4.752	-0.321
2521.000	4.430	4.752	-0.322
2522.000	4.430	4.753	-0.323
2523.000	4.430	4.752	-0.322
2524.000	4.430	4.752	-0.322
2525.000	4.430	4.752	-0.322
2526.000	4.430	4.752	-0.322
2527.000	4.430	4.752	-0.322
2528.000	4.430	4.752	-0.322
2529.000	4.430	4.752	-0.322
2530.000	4.430	4.752	-0.322
2531.000	4.430	4.752	-0.322
2532.000	4.430	4.753	-0.323
2533.000	4.430	4.753	-0.323
2534.000	4.430	4.753	-0.323
2535.000	4.430	4.752	-0.323
2536.000	4.430	4.753	-0.323
2537.000	4.429	4.752	-0.323
2538.000	4.429	4.752	-0.322
2539.000	4.429	4.752	-0.323
2540.000	4.429	4.753	-0.323
2541.000	4.429	4.752	-0.323
2542.000	4.429	4.752	-0.323
2543.000	4.429	4.753	-0.323
2544.000	4.429	4.752	-0.323
2545.000	4.429	4.752	-0.323
2546.000	4.429	4.752	-0.323
2547.000	4.429	4.752	-0.323
2548.000	4.429	4.752	-0.323
2549.000	4.429	4.753	-0.324
2550.000	4.429	4.753	-0.324
2551.000	4.429	4.753	-0.324
2552.000	4.429	4.751	-0.323
2553.000	4.429	4.752	-0.323
2554.000	4.429	4.751	-0.323
2555.000	4.429	4.752	-0.324
2556.000	4.429	4.751	-0.323
2557.000	4.429	4.751	-0.322
2558.000	4.429	4.752	-0.323
2559.000	4.429	4.753	-0.324
2560.000	4.429	4.753	-0.324
2561.000	4.429	4.753	-0.324
2562.000	4.429	4.752	-0.323
2563.000	4.429	4.752	-0.323
2564.000	4.429	4.752	-0.323
2565.000	4.429	4.752	-0.323
2566.000	4.429	4.752	-0.323
2567.000	4.429	4.752	-0.323
2568.000	4.429	4.751	-0.323
2569.000	4.429	4.752	-0.323
2570.000	4.429	4.752	-0.323
2571.000	4.429	4.752	-0.323
2572.000	4.429	4.752	-0.323
2573.000	4.429	4.752	-0.323
2574.000	4.429	4.752	-0.323
2575.000	4.429	4.753	-0.324
2576.000	4.429	4.752	-0.323
2577.000	4.429	4.752	-0.322
2578.000	4.429	4.752	-0.322
2579.000	4.429	4.752	-0.323
2580.000	4.429	4.752	-0.322
2581.000	4.429	4.752	-0.323
2582.000	4.429	4.751	-0.323
2583.000	4.429	4.751	-0.322
2584.000	4.429	4.751	-0.322
2585.000	4.429	4.752	-0.323
2586.000	4.429	4.751	-0.322
2587.000	4.429	4.752	-0.323
2588.000	4.429	4.752	-0.323
2589.000	4.429	4.751	-0.322
2590.000	4.429	4.751	-0.323
2591.000	4.429	4.752	-0.323
2592.000	4.429	4.752	-0.324
2593.000	4.429	4.752	-0.323
2594.000	4.429	4.752	-0.323
2595.000	4.429	4.752	-0.323
2596.000	4.429	4.752	-0.323
2597.000	4.429	4.751	-0.322
2598.000	4.429	4.751	-0.322
2599.000	4.429	4.751	-0.322
2600.000	4.429	4.751	-0.322
2601.000	4.429	4.750	-0.322
2602.000	4.429	4.751	-0.322
2603.000	4.428	4.752	-0.323
2604.000	4.428	4.751	-0.323
2605.000	4.428	4.751	-0.323
2606.000	4.428	4.751	-0.323
2607.000	4.428	4.751	-0.322
2608.000	4.428	4.752	-0.324
2609.000	4.428	4.752	-0.324
2610.000	4.428	4.752	-0.324
2611.000	4.428	4.752	-0.324
2612.000	4.428	4.752	-0.324
2613.000	4.428	4.752	-0.324
2614.000	4.428	4.752	-0.324
2615.000	4.428	4.752	-0.324
2616.000	4.428	4.752	-0.325
2617.000	4.428	4.752	-0.324
2618.000	4.428	4.753	-0.325
2619.000	4.428	4.752	-0.324
2620.000	4.428	4.752	-0.324
2621.000	4.428	4.752	-0.324
2622.000	4.428	4.752	-0.324
2623.000	4.428	4.751	-0.324
2624.000	4.428	4.752	-0.324
2625.000	4.428	4.752	-0.324
2626.000	4.428	4.752	-0.324
2627.000	4.428	4.752	-0.325
2628.000	4.428	4.752	-0.324
2629.000	4.428	4.752	-0.324
2630.000	4.428	4.752	-0.324
2631.000	4.428	4.752	-0.324
2632.000	4.428	4.752	-0.324
2633.000	4.428	4.752	-0.324
2634.000	4.428	4.751	-0.324
2635.000	4.428	4.752	-0.324
2636.000	4.428	4.753	-0.325
2637.000	4.428	4.752	-0.324
2638.000	4.428	4.752	-0.324
2639.000	4.428	4.752	-0.324
2640.000	4.428	4.752	-0.325
2641.000	4.428	4.752	-0.324
2642.000	4.428	4.753	-0.325
2643.000	4.428	4.753	-0.325
2644.000	4.428	4.752	-0.325
2645.000	4.428	4.752	-0.324
2646.000	4.428	4.752	-0.325
2647.000	4.428	4.751	-0.324
2648.000	4.428	4.752	-0.325
2649.000	4.428	4.752	-0.324
2650.000	4.428	4.752	-0.324
2651.000	4.428	4.752	-0.324
2652.000	4.428	4.752	-0.324
2653.000	4.428	4.751	-0.324
2654.000	4.428	4.752	-0.324
2655.000	4.428	4.752	-0.324
2656.000	4.428	4.752	-0.324
2657.000	4.428	4.751	-0.324
2658.000	4.428	4.752	-0.324
2659.000	4.428	4.752	-0.324
2660.000	4.428	4.753	-0.325
2661.000	4.428	4.752	-0.325
2662.000	4.428	4.752	-0.324
2663.000	4.428	4.752	-0.325
2664.000	4.428	4.753	-0.325
2665.000	4.428	4.753	-0.325
2666.000	4.427	4.753	-0.326
2667.000	4.427	4.753	-0.325
2668.000	4.427	4.752	-0.325
2669.000	4.427	4.753	-0.325
2670.000	4.427	4.752	-0.325
2671.000	4.427	4.752	-0.325
2672.000	4.427	4.754	-0.327
2673.000	4.427	4.753	-0.326
2674.000	4.427	4.753	-0.326
2675.000	4.427	4.753	-0.326
2676.000	4.427	4.752	-0.325
2677.000	4.427	4.753	-0.326
2678.000	4.427	4.752	-0.325
2679.000	4.427	4.753	-0.326
2680.000	4.427	4.753	-0.326
2681.000	4.427	4.752	-0.325
2682.000	4.427	4.753	-0.326
2683.000	4.427	4.752	-0.326
2684.000	4.427	4.753	-0.326
2685.000	4.427	4.752	-0.325
2686.000	4.427	4.752	-0.326
2687.000	4.427	4.753	-0.326
2688.000	4.427	4.752	-0.325
2689.000	4.427	4.752	-0.325
2690.000	4.427	4.752	-0.326
2691.000	4.427	4.753	-0.326
2692.000	4.427	4.753	-0.326
2693.000	4.427	4.752	-0.326
2694.000	4.427	4.753	-0.326
2695.000	4.427	4.753	-0.327
2696.000	4.427	4.753	-0.326
2697.000	4.427	4.753	-0.326
2698.000	4.427	4.752	-0.326
2699.000	4.427	4.753	-0.326
2700.000	4.427	4.753	-0.326
2701.000	4.427	4.753	-0.326
2702.000	4.427	4.753	-0.326
2703.000	4.427	4.753	-0.327
2704.000	4.427	4.753	-0.326
2705.000	4.427	4.754	-0.327
2706.000	4.427	4.752	-0.326
2707.000	4.427	4.752	-0.325
2708.000	4.427	4.753	-0.326
2709.000	4.427	4.752	-0.325
2710.000	4.427	4.753	-0.326
2711.000	4.427	4.753	-0.326
2712.000	4.427	4.753	-0.326
2713.000	4.427	4.753	-0.326
2714.000	4.427	4.753	-0.326
2715.000	4.427	4.753	-0.326
2716.000	4.427	4.753	-0.326
2717.000	4.427	4.752	-0.325
2718.000	4.427	4.753	-0.326
2719.000	4.427	4.753	-0.326
2720.000	4.427	4.753	-0.326
2721.000	4.427	4.753	-0.326
2722.000	4.427	4.753	-0.326
2723.000	4.427	4.753	-0.326
2724.000	4.427	4.752	-0.325
2725.000	4.427	4.753	-0.326
2726.000	4.427	4.753	-0.326
2727.000	4.427	4.753	-0.326
2728.000	4.427	4.754	-0.327
0.000	4.427	4.753	-0.326
1.000	4.427	4.753	-0.326
2.000	4.427	4.753	-0.326
3.000	4.427	4.754	-0.327
4.000	4.427	4.753	-0.326
5.000	4.427	4.754	-0.327
6.000	4.427	4.753	-0.326
7.000	4.427	4.753	-0.326
8.000	4.427	4.752	-0.325
9.000	4.427	4.753	-0.326
10.000	4.427	4.753	-0.326
11.000	4.427	4.753	-0.326
12.000	4.427	4.753	-0.326
13.000	4.427	4.753	-0.326
14.000	4.427	4.753	-0.326
15.000	4.427	4.753	-0.326
16.000	4.427	4.753	-0.326
17.000	4.427	4.754	-0.326
18.000	4.427	4.753	-0.326
19.000	4.427	4.753	-0.325
20.000	4.427	4.753	-0.326
21.000	4.427	4.753	-0.326
22.000	4.427	4.754	-0.327
23.000	4.427	4.753	-0.326
24.000	4.427	4.753	-0.326
25.000	4.427	4.753	-0.326
26.000	4.427	4.753	-0.326
