0.000	4.380	300.922	-296.542
0.000	4.528	286.317	-281.789
1.000	4.528	285.728	-281.200
2.000	4.529	285.149	-280.620
3.000	4.529	284.557	-280.028
4.000	4.529	283.978	-279.449
5.000	4.530	283.383	-278.853
6.000	4.531	282.794	-278.263
7.000	4.532	282.197	-277.665
8.000	4.533	281.598	-277.065
9.000	4.534	280.999	-276.465
10.000	4.535	280.406	-275.871
11.000	4.537	279.816	-275.279
12.000	4.538	279.222	-274.684
13.000	4.539	278.640	-274.101
14.000	4.541	278.048	-273.507
15.000	4.543	277.459	-272.916
16.000	4.544	276.875	-272.331
17.000	4.546	276.277	-271.731
18.000	4.548	275.685	-271.137
19.000	4.550	275.099	-270.549
20.000	4.552	274.518	-269.966
21.000	4.550	273.955	-269.405
22.000	4.548	273.380	-268.832
23.000	4.548	272.801	-268.253
24.000	4.549	272.221	-267.672
25.000	4.551	271.638	-267.087
26.000	4.555	271.065	-266.510
27.000	4.559	270.485	-265.926
28.000	4.564	269.876	-265.312
29.000	4.576	269.192	-264.616
30.000	4.607	268.360	-263.753
31.000	4.653	267.515	-262.862
32.000	4.713	266.670	-261.957
33.000	4.784	265.840	-261.056
34.000	4.859	265.020	-260.161
35.000	4.935	264.206	-259.271
36.000	5.012	263.401	-258.389
37.000	5.090	262.596	-257.506
38.000	5.164	261.794	-256.630
39.000	5.234	260.984	-255.749
40.000	5.303	260.175	-254.872
41.000	5.371	259.356	-253.985
42.000	5.436	258.536	-253.100
43.000	5.498	257.728	-252.230
44.000	5.557	256.922	-251.365
45.000	5.615	256.110	-250.495
46.000	5.673	255.302	-249.629
47.000	5.729	254.489	-248.760
48.000	5.782	253.679	-247.897
49.000	5.835	252.867	-247.032
50.000	5.885	252.070	-246.185
51.000	5.936	251.275	-245.339
52.000	5.987	250.481	-244.493
53.000	6.037	249.693	-243.656
54.000	6.085	248.897	-242.812
55.000	6.132	248.104	-241.972
56.000	6.178	247.324	-241.147
57.000	6.222	246.550	-240.328
58.000	6.268	245.787	-239.519
59.000	6.315	245.024	-238.709
60.000	6.360	244.263	-237.903
61.000	6.405	243.504	-237.099
62.000	6.448	242.747	-236.299
63.000	6.491	242.004	-235.513
64.000	6.533	241.267	-234.734
65.000	6.574	240.536	-233.962
66.000	6.615	239.814	-233.199
67.000	6.657	239.086	-232.429
68.000	6.699	238.369	-231.670
69.000	6.740	237.610	-230.870
70.000	6.781	236.892	-230.111
71.000	6.820	236.189	-229.369
72.000	6.858	235.510	-228.652
73.000	6.897	234.809	-227.912
74.000	6.936	234.146	-227.210
75.000	6.978	233.463	-226.485
76.000	7.022	232.789	-225.767
77.000	7.066	232.124	-225.058
78.000	7.111	231.463	-224.352
79.000	7.156	230.875	-223.719
80.000	7.201	230.221	-223.020
81.000	7.245	229.572	-222.327
82.000	7.290	228.883	-221.593
83.000	7.336	228.291	-220.955
84.000	7.383	227.665	-220.282
85.000	7.428	226.978	-219.550
86.000	7.473	226.424	-218.951
87.000	7.518	225.814	-218.296
88.000	7.562	225.199	-217.637
89.000	7.606	224.600	-216.994
90.000	7.649	223.995	-216.346
91.000	7.695	223.404	-215.709
92.000	7.739	222.804	-215.065
93.000	7.783	222.225	-214.442
94.000	7.827	221.640	-213.813
95.000	7.869	221.066	-213.197
96.000	7.910	220.501	-212.591
97.000	7.951	219.932	-211.981
98.000	7.990	219.366	-211.376
99.000	8.029	218.795	-210.766
100.000	8.067	218.246	-210.179
101.000	8.107	217.644	-209.537
102.000	8.145	217.177	-209.032
103.000	8.183	216.619	-208.436
104.000	8.219	216.087	-207.868
105.000	8.255	215.567	-207.312
106.000	8.289	215.034	-206.745
107.000	8.323	214.513	-206.190
108.000	8.356	213.984	-205.628
109.000	8.388	213.470	-205.082
110.000	8.419	212.958	-204.538
111.000	8.450	212.454	-204.004
112.000	8.482	211.950	-203.468
113.000	8.513	211.458	-202.945
114.000	8.543	210.968	-202.425
115.000	8.573	210.477	-201.904
116.000	8.602	209.991	-201.389
117.000	8.630	209.505	-200.875
118.000	8.658	209.035	-200.377
119.000	8.684	208.560	-199.876
120.000	8.711	208.077	-199.366
121.000	8.737	207.612	-198.875
122.000	8.762	207.152	-198.390
123.000	8.787	206.687	-197.900
124.000	8.811	206.238	-197.427
125.000	8.834	205.785	-196.951
126.000	8.858	205.332	-196.474
127.000	8.882	204.886	-196.004
128.000	8.906	204.446	-195.540
129.000	8.929	204.015	-195.086
130.000	8.951	203.561	-194.610
131.000	8.973	203.118	-194.145
132.000	8.994	202.689	-193.695
133.000	9.015	202.255	-193.240
134.000	9.035	201.824	-192.789
135.000	9.054	201.422	-192.368
136.000	9.069	201.003	-191.934
137.000	9.087	200.588	-191.501
138.000	9.106	200.167	-191.061
139.000	9.125	199.760	-190.635
140.000	9.143	199.351	-190.208
141.000	9.161	198.942	-189.781
142.000	9.178	198.539	-189.361
143.000	9.195	198.126	-188.931
144.000	9.211	197.724	-188.513
145.000	9.226	197.337	-188.111
146.000	9.241	196.939	-187.698
147.000	9.257	196.551	-187.294
148.000	9.273	196.185	-186.912
149.000	9.288	195.782	-186.494
150.000	9.304	195.407	-186.103
151.000	9.318	195.023	-185.705
152.000	9.333	194.645	-185.312
153.000	9.347	194.267	-184.920
154.000	9.360	193.909	-184.549
155.000	9.373	193.527	-184.154
156.000	9.386	193.145	-183.759
157.000	9.399	192.768	-183.369
158.000	9.411	192.400	-182.989
159.000	9.423	192.043	-182.620
160.000	9.434	191.677	-182.243
161.000	9.445	191.318	-181.873
162.000	9.456	190.959	-181.503
163.000	9.466	190.600	-181.134
164.000	9.476	190.250	-180.774
165.000	9.486	189.888	-180.402
166.000	9.496	189.539	-180.043
167.000	9.506	189.190	-179.684
168.000	9.517	188.836	-179.319
169.000	9.527	188.477	-178.950
170.000	9.538	188.132	-178.594
171.000	9.548	187.792	-178.244
172.000	9.557	187.443	-177.886
173.000	9.566	187.097	-177.531
174.000	9.575	186.769	-177.194
175.000	9.583	186.430	-176.847
176.000	9.592	186.097	-176.505
177.000	9.600	185.765	-176.165
178.000	9.607	185.432	-175.825
179.000	9.614	185.094	-175.481
180.000	9.620	184.764	-175.144
181.000	9.627	184.435	-174.808
182.000	9.633	184.104	-174.471
183.000	9.639	183.781	-174.142
184.000	9.644	183.453	-173.809
185.000	9.649	183.114	-173.465
186.000	9.654	182.800	-173.146
187.000	9.659	182.466	-172.807
188.000	9.664	182.148	-172.484
189.000	9.667	181.839	-172.172
190.000	9.671	181.517	-171.846
191.000	9.675	181.209	-171.534
192.000	9.679	180.895	-171.216
193.000	9.682	180.583	-170.901
194.000	9.685	180.273	-170.588
195.000	9.688	179.965	-170.277
196.000	9.691	179.644	-169.953
197.000	9.694	179.338	-169.644
198.000	9.696	179.034	-169.338
199.000	9.698	178.715	-169.017
200.000	9.700	178.411	-168.711
201.000	9.702	178.106	-168.404
202.000	9.704	177.802	-168.098
203.000	9.706	177.489	-167.783
204.000	9.707	177.196	-167.489
205.000	9.709	176.904	-167.195
206.000	9.711	176.589	-166.878
207.000	9.713	176.300	-166.587
208.000	9.713	176.006	-166.293
209.000	9.714	175.708	-165.994
210.000	9.715	175.414	-165.699
211.000	9.716	175.114	-165.398
212.000	9.717	174.835	-165.118
213.000	9.717	174.536	-164.819
214.000	9.717	174.240	-164.523
215.000	9.717	173.955	-164.238
216.000	9.716	173.659	-163.943
217.000	9.715	173.369	-163.654
218.000	9.714	173.080	-163.366
219.000	9.713	172.798	-163.085
220.000	9.711	172.515	-162.804
221.000	9.710	172.229	-162.519
222.000	9.708	171.936	-162.228
223.000	9.706	171.664	-161.958
224.000	9.704	171.385	-161.681
225.000	9.703	171.104	-161.401
226.000	9.700	170.826	-161.126
227.000	9.697	170.550	-160.853
228.000	9.694	170.262	-160.568
229.000	9.691	169.982	-160.291
230.000	9.688	169.705	-160.017
231.000	9.685	169.426	-159.740
232.000	9.683	169.148	-159.465
233.000	9.679	168.869	-159.190
234.000	9.675	168.595	-158.920
235.000	9.671	168.316	-158.645
236.000	9.668	168.054	-158.386
237.000	9.664	167.781	-158.117
238.000	9.659	167.509	-157.850
239.000	9.655	167.251	-157.596
240.000	9.651	166.974	-157.323
241.000	9.646	166.709	-157.063
242.000	9.642	166.444	-156.802
243.000	9.637	166.175	-156.538
244.000	9.632	165.899	-156.267
245.000	9.626	165.640	-156.014
246.000	9.620	165.377	-155.757
247.000	9.616	165.110	-155.494
248.000	9.610	164.846	-155.236
249.000	9.604	164.584	-154.980
250.000	9.599	164.317	-154.718
251.000	9.595	164.051	-154.456
252.000	9.589	163.788	-154.199
253.000	9.585	163.531	-153.946
254.000	9.580	163.281	-153.701
255.000	9.575	163.015	-153.440
256.000	9.570	162.764	-153.194
257.000	9.565	162.507	-152.942
258.000	9.560	162.253	-152.693
259.000	9.555	161.990	-152.435
260.000	9.549	161.736	-152.187
261.000	9.544	161.484	-151.940
262.000	9.538	161.222	-151.684
263.000	9.533	160.972	-151.439
264.000	9.527	160.718	-151.191
265.000	9.523	160.462	-150.939
266.000	9.517	160.212	-150.695
267.000	9.513	159.961	-150.448
268.000	9.507	159.705	-150.198
269.000	9.502	159.452	-149.950
270.000	9.496	159.206	-149.710
271.000	9.490	158.961	-149.471
272.000	9.485	158.708	-149.223
273.000	9.480	158.469	-148.989
274.000	9.474	158.217	-148.743
275.000	9.469	157.972	-148.503
276.000	9.463	157.721	-148.257
277.000	9.458	157.479	-148.021
278.000	9.452	157.244	-147.792
279.000	9.446	156.992	-147.546
280.000	9.440	156.750	-147.310
281.000	9.435	156.497	-147.062
282.000	9.429	156.267	-146.838
283.000	9.423	156.009	-146.586
284.000	9.417	155.773	-146.356
285.000	9.411	155.529	-146.118
286.000	9.405	155.261	-145.856
287.000	9.399	155.041	-145.642
288.000	9.393	154.798	-145.405
289.000	9.387	154.565	-145.178
290.000	9.381	154.328	-144.947
291.000	9.375	154.089	-144.714
292.000	9.369	153.855	-144.486
293.000	9.363	153.620	-144.257
294.000	9.357	153.378	-144.021
295.000	9.350	153.146	-143.796
296.000	9.343	152.904	-143.561
297.000	9.337	152.664	-143.327
298.000	9.331	152.441	-143.110
299.000	9.324	152.196	-142.872
300.000	9.318	151.961	-142.643
301.000	9.310	151.728	-142.418
302.000	9.303	151.487	-142.184
303.000	9.297	151.254	-141.957
304.000	9.290	151.015	-141.725
305.000	9.284	150.783	-141.499
306.000	9.277	150.547	-141.270
307.000	9.270	150.316	-141.046
308.000	9.262	150.093	-140.831
309.000	9.256	149.860	-140.604
310.000	9.250	149.630	-140.380
311.000	9.243	149.412	-140.169
312.000	9.236	149.177	-139.941
313.000	9.230	148.950	-139.720
314.000	9.223	148.724	-139.501
315.000	9.216	148.500	-139.284
316.000	9.210	148.276	-139.066
317.000	9.203	148.046	-138.843
318.000	9.197	147.822	-138.625
319.000	9.190	147.588	-138.398
320.000	9.184	147.360	-138.176
321.000	9.177	147.135	-137.958
322.000	9.170	146.911	-137.741
323.000	9.163	146.686	-137.523
324.000	9.157	146.457	-137.300
325.000	9.150	146.230	-137.080
326.000	9.143	146.003	-136.860
327.000	9.136	145.783	-136.647
328.000	9.129	145.565	-136.436
329.000	9.122	145.348	-136.226
330.000	9.115	145.130	-136.015
331.000	9.108	144.910	-135.802
332.000	9.102	144.695	-135.593
333.000	9.095	144.470	-135.375
334.000	9.089	144.248	-135.159
335.000	9.082	144.036	-134.954
336.000	9.075	143.825	-134.750
337.000	9.068	143.594	-134.526
338.000	9.061	143.378	-134.317
339.000	9.054	143.156	-134.102
340.000	9.048	142.938	-133.890
341.000	9.041	142.726	-133.685
342.000	9.034	142.511	-133.477
343.000	9.027	142.291	-133.264
344.000	9.020	142.066	-133.046
345.000	9.014	141.852	-132.838
346.000	9.007	141.638	-132.631
347.000	9.000	141.422	-132.422
348.000	8.993	141.207	-132.214
349.000	8.986	141.000	-132.013
350.000	8.979	140.790	-131.811
351.000	8.972	140.575	-131.603
352.000	8.965	140.363	-131.398
353.000	8.958	140.149	-131.191
354.000	8.951	139.944	-130.993
355.000	8.944	139.727	-130.783
356.000	8.937	139.521	-130.584
357.000	8.930	139.309	-130.379
358.000	8.923	139.101	-130.178
359.000	8.916	138.889	-129.973
360.000	8.910	138.677	-129.767
361.000	8.903	138.473	-129.570
362.000	8.896	138.259	-129.362
363.000	8.890	138.047	-129.157
364.000	8.883	137.839	-128.956
365.000	8.877	137.628	-128.751
366.000	8.870	137.420	-128.550
367.000	8.862	137.214	-128.352
368.000	8.856	137.004	-128.148
369.000	8.849	136.801	-127.952
370.000	8.842	136.589	-127.747
371.000	8.836	136.395	-127.559
372.000	8.829	136.190	-127.361
373.000	8.823	135.984	-127.161
374.000	8.816	135.780	-126.964
375.000	8.810	135.581	-126.771
376.000	8.803	135.376	-126.573
377.000	8.796	135.174	-126.378
378.000	8.790	134.974	-126.184
379.000	8.784	134.774	-125.990
380.000	8.777	134.569	-125.792
381.000	8.771	134.369	-125.598
382.000	8.764	134.164	-125.400
383.000	8.758	133.957	-125.200
384.000	8.751	133.762	-125.011
385.000	8.745	133.556	-124.811
386.000	8.738	133.356	-124.618
387.000	8.732	133.153	-124.421
388.000	8.725	132.952	-124.227
389.000	8.718	132.760	-124.042
390.000	8.712	132.561	-123.849
391.000	8.705	132.368	-123.663
392.000	8.698	132.168	-123.470
393.000	8.692	131.974	-123.282
394.000	8.686	131.773	-123.087
395.000	8.679	131.579	-122.900
396.000	8.673	131.387	-122.714
397.000	8.667	131.191	-122.524
398.000	8.660	130.997	-122.337
399.000	8.654	130.799	-122.145
400.000	8.647	130.605	-121.958
401.000	8.640	130.409	-121.768
402.000	8.634	130.215	-121.581
403.000	8.627	130.022	-121.394
404.000	8.621	129.824	-121.203
405.000	8.614	129.630	-121.016
406.000	8.607	129.433	-120.826
407.000	8.601	129.238	-120.637
408.000	8.594	129.044	-120.451
409.000	8.587	128.855	-120.268
410.000	8.580	128.669	-120.089
411.000	8.573	128.482	-119.909
412.000	8.566	128.291	-119.724
413.000	8.560	128.103	-119.543
414.000	8.553	127.912	-119.359
415.000	8.546	127.729	-119.183
416.000	8.539	127.541	-119.002
417.000	8.532	127.349	-118.817
418.000	8.526	127.158	-118.632
419.000	8.519	126.977	-118.458
420.000	8.513	126.789	-118.276
421.000	8.507	126.599	-118.093
422.000	8.500	126.416	-117.916
423.000	8.493	126.226	-117.733
424.000	8.487	126.041	-117.554
425.000	8.480	125.853	-117.373
426.000	8.474	125.665	-117.191
427.000	8.468	125.475	-117.007
428.000	8.461	125.294	-116.833
429.000	8.454	125.105	-116.651
430.000	8.448	124.926	-116.478
431.000	8.442	124.739	-116.297
432.000	8.436	124.564	-116.128
433.000	8.430	124.376	-115.946
434.000	8.424	124.199	-115.775
435.000	8.417	124.018	-115.601
436.000	8.412	123.836	-115.424
437.000	8.405	123.653	-115.248
438.000	8.399	123.473	-115.074
439.000	8.392	123.298	-114.906
440.000	8.386	123.116	-114.730
441.000	8.380	122.932	-114.552
442.000	8.373	122.754	-114.381
443.000	8.367	122.579	-114.212
444.000	8.361	122.399	-114.038
445.000	8.355	122.216	-113.861
446.000	8.349	122.035	-113.686
447.000	8.342	121.858	-113.516
448.000	8.336	121.678	-113.342
449.000	8.330	121.497	-113.167
450.000	8.324	121.318	-112.994
451.000	8.317	121.137	-112.820
452.000	8.311	120.963	-112.652
453.000	8.305	120.786	-112.481
454.000	8.299	120.616	-112.317
455.000	8.292	120.441	-112.149
456.000	8.286	120.267	-111.981
457.000	8.280	120.094	-111.814
458.000	8.274	119.923	-111.649
459.000	8.268	119.752	-111.484
460.000	8.261	119.574	-111.313
461.000	8.255	119.402	-111.147
462.000	8.249	119.229	-110.980
463.000	8.242	119.058	-110.816
464.000	8.236	118.886	-110.650
465.000	8.230	118.713	-110.483
466.000	8.224	118.538	-110.314
467.000	8.217	118.365	-110.148
468.000	8.211	118.193	-109.982
469.000	8.205	118.023	-109.818
470.000	8.199	117.853	-109.654
471.000	8.192	117.679	-109.487
472.000	8.186	117.509	-109.323
473.000	8.180	117.333	-109.153
474.000	8.174	117.164	-108.990
475.000	8.167	116.992	-108.825
476.000	8.161	116.827	-108.666
477.000	8.154	116.657	-108.503
478.000	8.148	116.493	-108.345
479.000	8.142	116.331	-108.189
480.000	8.135	116.161	-108.026
481.000	8.129	115.997	-107.868
482.000	8.123	115.832	-107.709
483.000	8.116	115.664	-107.548
484.000	8.109	115.499	-107.390
485.000	8.103	115.333	-107.230
486.000	8.097	115.168	-107.071
487.000	8.091	115.003	-106.912
488.000	8.085	114.845	-106.760
489.000	8.079	114.672	-106.593
490.000	8.072	114.509	-106.437
491.000	8.066	114.342	-106.276
492.000	8.060	114.179	-106.119
493.000	8.053	114.015	-105.962
494.000	8.046	113.849	-105.803
495.000	8.040	113.685	-105.645
496.000	8.035	113.519	-105.484
497.000	8.029	113.357	-105.328
498.000	8.023	113.191	-105.168
499.000	8.017	113.029	-105.012
500.000	8.011	112.870	-104.859
501.000	8.006	112.732	-104.726
502.000	8.000	112.551	-104.551
503.000	7.994	112.394	-104.400
504.000	7.988	112.235	-104.247
505.000	7.982	112.078	-104.096
506.000	7.976	111.919	-103.943
507.000	7.970	111.763	-103.793
508.000	7.964	111.601	-103.637
509.000	7.958	111.445	-103.487
510.000	7.952	111.288	-103.336
511.000	7.946	111.129	-103.183
512.000	7.939	110.966	-103.026
513.000	7.934	110.810	-102.877
514.000	7.927	110.656	-102.729
515.000	7.921	110.499	-102.578
516.000	7.915	110.340	-102.425
517.000	7.909	110.179	-102.270
518.000	7.903	110.020	-102.117
519.000	7.898	109.871	-101.973
520.000	7.895	109.707	-101.812
521.000	7.888	109.481	-101.593
522.000	7.877	109.082	-101.205
523.000	7.881	108.633	-100.752
524.000	7.906	108.187	-100.281
525.000	7.949	107.755	-99.806
526.000	8.007	107.325	-99.318
527.000	8.076	106.899	-98.823
528.000	8.153	106.486	-98.333
529.000	8.234	106.079	-97.845
530.000	8.315	105.669	-97.354
531.000	8.394	105.263	-96.869
532.000	8.473	104.862	-96.389
533.000	8.551	104.471	-95.920
534.000	8.625	104.080	-95.455
535.000	8.695	103.680	-94.985
536.000	8.761	103.283	-94.522
537.000	8.821	102.884	-94.063
538.000	8.879	102.487	-93.608
539.000	8.934	102.087	-93.153
540.000	8.986	101.684	-92.698
541.000	9.033	101.277	-92.244
542.000	9.077	100.889	-91.812
543.000	9.118	100.493	-91.375
544.000	9.155	100.099	-90.944
545.000	9.190	99.706	-90.516
546.000	9.221	99.313	-90.092
547.000	9.250	98.916	-89.666
548.000	9.278	98.525	-89.247
549.000	9.304	98.133	-88.829
550.000	9.328	97.745	-88.418
551.000	9.349	97.353	-88.004
552.000	9.369	96.962	-87.593
553.000	9.387	96.573	-87.186
554.000	9.403	96.189	-86.786
555.000	9.419	95.809	-86.391
556.000	9.432	95.428	-85.996
557.000	9.444	95.046	-85.602
558.000	9.455	94.660	-85.205
559.000	9.464	94.279	-84.815
560.000	9.472	93.899	-84.427
561.000	9.479	93.527	-84.048
562.000	9.485	93.155	-83.670
563.000	9.491	92.779	-83.288
564.000	9.495	92.408	-82.913
565.000	9.499	92.035	-82.536
566.000	9.502	91.663	-82.161
567.000	9.504	91.294	-81.791
568.000	9.505	90.930	-81.425
569.000	9.505	90.565	-81.060
570.000	9.504	90.202	-80.698
571.000	9.503	89.833	-80.331
572.000	9.501	89.466	-79.965
573.000	9.498	89.107	-79.609
574.000	9.494	88.747	-79.253
575.000	9.490	88.389	-78.900
576.000	9.485	88.033	-78.549
577.000	9.479	87.678	-78.199
578.000	9.472	87.321	-77.849
579.000	9.465	86.962	-77.497
580.000	9.457	86.607	-77.149
581.000	9.450	86.254	-76.805
582.000	9.440	85.907	-76.466
583.000	9.432	85.560	-76.128
584.000	9.423	85.213	-75.790
585.000	9.413	84.862	-75.448
586.000	9.404	84.513	-75.109
587.000	9.394	84.163	-74.770
588.000	9.384	83.822	-74.438
589.000	9.373	83.481	-74.107
590.000	9.363	83.139	-73.776
591.000	9.352	82.800	-73.448
592.000	9.341	82.460	-73.119
593.000	9.330	82.120	-72.791
594.000	9.318	81.779	-72.460
595.000	9.307	81.439	-72.133
596.000	9.295	81.105	-71.810
597.000	9.284	80.773	-71.489
598.000	9.272	80.442	-71.171
599.000	9.259	80.109	-70.850
600.000	9.247	79.775	-70.528
601.000	9.234	79.442	-70.207
602.000	9.222	79.107	-69.885
603.000	9.210	78.778	-69.568
604.000	9.198	78.441	-69.243
605.000	9.185	78.114	-68.929
606.000	9.172	77.742	-68.570
607.000	9.159	77.418	-68.259
608.000	9.146	77.089	-67.943
609.000	9.132	76.764	-67.632
610.000	9.119	76.438	-67.319
611.000	9.106	76.116	-67.010
612.000	9.092	75.794	-66.702
613.000	9.079	75.474	-66.395
614.000	9.065	75.150	-66.085
615.000	9.051	74.826	-65.775
616.000	9.037	74.505	-65.467
617.000	9.023	74.192	-65.169
618.000	9.009	73.869	-64.860
619.000	8.995	73.559	-64.564
620.000	8.982	73.237	-64.256
621.000	8.967	72.919	-63.953
622.000	8.953	72.600	-63.647
623.000	8.939	72.288	-63.349
624.000	8.924	71.979	-63.055
625.000	8.909	71.663	-62.754
626.000	8.895	71.348	-62.453
627.000	8.880	71.036	-62.156
628.000	8.866	70.715	-61.849
629.000	8.851	70.407	-61.556
630.000	8.836	70.099	-61.262
631.000	8.822	69.788	-60.966
632.000	8.808	69.478	-60.669
633.000	8.794	69.166	-60.372
634.000	8.780	68.852	-60.072
635.000	8.766	68.542	-59.776
636.000	8.751	68.237	-59.486
637.000	8.737	67.932	-59.195
638.000	8.723	67.624	-58.901
639.000	8.708	67.320	-58.611
640.000	8.694	67.011	-58.318
641.000	8.679	66.707	-58.028
642.000	8.664	66.397	-57.733
643.000	8.649	66.097	-57.448
644.000	8.634	65.794	-57.160
645.000	8.619	65.491	-56.872
646.000	8.604	65.186	-56.582
647.000	8.589	64.882	-56.293
648.000	8.574	64.578	-56.004
649.000	8.559	64.279	-55.720
650.000	8.544	63.981	-55.437
651.000	8.529	63.680	-55.151
652.000	8.514	63.383	-54.869
653.000	8.498	63.082	-54.584
654.000	8.483	62.783	-54.300
655.000	8.467	62.481	-54.014
656.000	8.451	62.186	-53.735
657.000	8.437	61.891	-53.454
658.000	8.421	61.593	-53.172
659.000	8.407	61.300	-52.893
660.000	8.392	61.003	-52.611
661.000	8.377	60.705	-52.328
662.000	8.362	60.409	-52.047
663.000	8.347	60.117	-51.771
664.000	8.331	59.827	-51.496
665.000	8.316	59.538	-51.222
666.000	8.301	59.244	-50.944
667.000	8.285	58.949	-50.664
668.000	8.270	58.655	-50.385
669.000	8.254	58.369	-50.115
670.000	8.238	58.078	-49.839
671.000	8.222	57.792	-49.570
672.000	8.207	57.502	-49.295
673.000	8.191	57.214	-49.023
674.000	8.175	56.924	-48.748
675.000	8.159	56.635	-48.475
676.000	8.144	56.351	-48.207
677.000	8.127	56.069	-47.941
678.000	8.111	55.788	-47.677
679.000	8.095	55.502	-47.407
680.000	8.078	55.216	-47.137
681.000	8.062	54.934	-46.872
682.000	8.046	54.646	-46.600
683.000	8.030	54.367	-46.337
684.000	8.015	54.089	-46.074
685.000	7.999	53.810	-45.811
686.000	7.983	53.533	-45.550
687.000	7.968	53.255	-45.288
688.000	7.952	52.975	-45.023
689.000	7.936	52.697	-44.761
690.000	7.920	52.426	-44.506
691.000	7.904	52.150	-44.246
692.000	7.888	51.877	-43.990
693.000	7.871	51.637	-43.765
694.000	7.856	51.319	-43.463
695.000	7.846	51.041	-43.195
696.000	7.842	50.803	-42.961
697.000	7.846	50.608	-42.762
698.000	7.856	50.465	-42.609
699.000	7.871	50.362	-42.491
700.000	7.889	50.303	-42.414
701.000	7.906	50.283	-42.377
702.000	7.922	50.240	-42.318
703.000	7.934	50.200	-42.266
704.000	7.943	50.144	-42.200
705.000	7.948	50.062	-42.113
706.000	7.949	49.956	-42.007
707.000	7.947	49.828	-41.881
708.000	7.942	49.677	-41.734
709.000	7.935	49.513	-41.578
710.000	7.925	49.331	-41.406
711.000	7.914	49.136	-41.222
712.000	7.900	48.936	-41.036
713.000	7.885	48.728	-40.843
714.000	7.869	48.513	-40.644
715.000	7.852	48.282	-40.430
716.000	7.836	48.059	-40.222
717.000	7.820	47.862	-40.042
718.000	7.806	47.657	-39.852
719.000	7.797	47.461	-39.664
720.000	7.795	47.314	-39.519
721.000	7.800	47.214	-39.414
722.000	7.810	47.168	-39.358
723.000	7.822	47.160	-39.338
724.000	7.833	47.174	-39.340
725.000	7.843	47.178	-39.335
726.000	7.849	47.161	-39.312
727.000	7.851	47.117	-39.266
728.000	7.849	47.043	-39.194
729.000	7.844	46.946	-39.102
730.000	7.837	46.822	-38.985
731.000	7.826	46.677	-38.850
732.000	7.813	46.519	-38.705
733.000	7.799	46.343	-38.545
734.000	7.782	46.160	-38.378
735.000	7.764	45.966	-38.202
736.000	7.745	45.762	-38.017
737.000	7.726	45.557	-37.830
738.000	7.704	45.349	-37.646
739.000	7.680	45.135	-37.456
740.000	7.655	44.916	-37.260
741.000	7.631	44.694	-37.062
742.000	7.607	44.470	-36.863
743.000	7.582	44.242	-36.659
744.000	7.557	44.011	-36.454
745.000	7.532	43.781	-36.249
746.000	7.507	43.556	-36.049
747.000	7.481	43.329	-35.848
748.000	7.454	43.103	-35.649
749.000	7.428	42.876	-35.448
750.000	7.401	42.649	-35.248
751.000	7.374	42.420	-35.047
752.000	7.347	42.195	-34.849
753.000	7.319	41.974	-34.655
754.000	7.293	41.757	-34.464
755.000	7.267	41.539	-34.272
756.000	7.240	41.322	-34.081
757.000	7.215	41.106	-33.891
758.000	7.189	40.892	-33.704
759.000	7.162	40.678	-33.515
760.000	7.136	40.469	-33.333
761.000	7.110	40.267	-33.157
762.000	7.084	40.065	-32.981
763.000	7.059	39.863	-32.804
764.000	7.033	39.663	-32.630
765.000	7.007	39.464	-32.456
766.000	6.982	39.264	-32.282
767.000	6.957	39.067	-32.110
768.000	6.933	38.880	-31.947
769.000	6.910	38.692	-31.783
770.000	6.887	38.508	-31.622
771.000	6.864	38.325	-31.461
772.000	6.842	38.145	-31.304
773.000	6.819	37.966	-31.147
774.000	6.798	37.788	-30.990
775.000	6.776	37.611	-30.835
776.000	6.754	37.436	-30.681
777.000	6.733	37.266	-30.533
778.000	6.712	37.102	-30.390
779.000	6.692	36.936	-30.243
780.000	6.673	36.771	-30.098
781.000	6.653	36.609	-29.956
782.000	6.634	36.449	-29.815
783.000	6.615	36.288	-29.673
784.000	6.597	36.129	-29.532
785.000	6.580	35.973	-29.393
786.000	6.563	35.818	-29.255
787.000	6.547	35.668	-29.121
788.000	6.531	35.522	-28.990
789.000	6.515	35.377	-28.862
790.000	6.500	35.230	-28.730
791.000	6.485	35.086	-28.601
792.000	6.470	34.943	-28.473
793.000	6.455	34.801	-28.346
794.000	6.441	34.659	-28.218
795.000	6.426	34.518	-28.091
796.000	6.412	34.381	-27.968
797.000	6.398	34.245	-27.846
798.000	6.384	34.113	-27.729
799.000	6.371	33.982	-27.611
800.000	6.357	33.851	-27.493
801.000	6.344	33.721	-27.377
802.000	6.331	33.592	-27.261
803.000	6.319	33.464	-27.145
804.000	6.306	33.337	-27.031
805.000	6.294	33.211	-26.917
806.000	6.282	33.086	-26.805
807.000	6.270	32.961	-26.691
808.000	6.258	32.837	-26.580
809.000	6.246	32.719	-26.473
810.000	6.235	32.602	-26.367
811.000	6.225	32.486	-26.261
812.000	6.214	32.372	-26.157
813.000	6.204	32.258	-26.054
814.000	6.194	32.144	-25.950
815.000	6.183	32.031	-25.847
816.000	6.173	31.918	-25.744
817.000	6.163	31.806	-25.642
818.000	6.154	31.695	-25.541
819.000	6.144	31.584	-25.441
820.000	6.134	31.476	-25.342
821.000	6.124	31.368	-25.244
822.000	6.114	31.265	-25.150
823.000	6.105	31.161	-25.056
824.000	6.096	31.059	-24.963
825.000	6.086	30.959	-24.873
826.000	6.077	30.858	-24.780
827.000	6.068	30.757	-24.689
828.000	6.059	30.657	-24.598
829.000	6.051	30.559	-24.509
830.000	6.042	30.460	-24.419
831.000	6.033	30.364	-24.331
832.000	6.024	30.268	-24.244
833.000	6.016	30.173	-24.158
834.000	6.007	30.077	-24.071
835.000	5.998	29.987	-23.988
836.000	5.990	29.897	-23.907
837.000	5.982	29.808	-23.826
838.000	5.974	29.722	-23.748
839.000	5.965	29.637	-23.671
840.000	5.957	29.552	-23.595
841.000	5.949	29.469	-23.520
842.000	5.941	29.386	-23.445
843.000	5.934	29.302	-23.368
844.000	5.926	29.220	-23.294
845.000	5.918	29.137	-23.219
846.000	5.910	29.057	-23.147
847.000	5.902	28.976	-23.074
848.000	5.895	28.897	-23.002
849.000	5.888	28.818	-22.930
850.000	5.881	28.739	-22.858
851.000	5.874	28.660	-22.786
852.000	5.867	28.582	-22.715
853.000	5.861	28.509	-22.648
854.000	5.854	28.436	-22.582
855.000	5.847	28.364	-22.517
856.000	5.840	28.293	-22.452
857.000	5.834	28.221	-22.388
858.000	5.827	28.151	-22.324
859.000	5.821	28.081	-22.261
860.000	5.814	28.012	-22.198
861.000	5.808	27.943	-22.135
862.000	5.801	27.873	-22.072
863.000	5.795	27.806	-22.011
864.000	5.789	27.739	-21.950
865.000	5.782	27.671	-21.888
866.000	5.776	27.605	-21.829
867.000	5.770	27.539	-21.769
868.000	5.764	27.474	-21.710
869.000	5.758	27.409	-21.651
870.000	5.753	27.344	-21.591
871.000	5.746	27.279	-21.533
872.000	5.740	27.218	-21.477
873.000	5.734	27.156	-21.421
874.000	5.729	27.096	-21.367
875.000	5.723	27.036	-21.313
876.000	5.717	26.975	-21.258
877.000	5.712	26.917	-21.205
878.000	5.706	26.860	-21.154
879.000	5.701	26.801	-21.101
880.000	5.695	26.743	-21.048
881.000	5.690	26.685	-20.995
882.000	5.684	26.629	-20.944
883.000	5.679	26.572	-20.893
884.000	5.674	26.516	-20.842
885.000	5.668	26.460	-20.792
886.000	5.663	26.406	-20.743
887.000	5.658	26.352	-20.694
888.000	5.652	26.297	-20.644
889.000	5.647	26.242	-20.595
890.000	5.642	26.187	-20.545
891.000	5.637	26.133	-20.496
892.000	5.632	26.080	-20.447
893.000	5.627	26.026	-20.399
894.000	5.622	25.974	-20.352
895.000	5.617	25.924	-20.307
896.000	5.612	25.875	-20.262
897.000	5.607	25.826	-20.218
898.000	5.603	25.776	-20.174
899.000	5.598	25.727	-20.130
900.000	5.593	25.679	-20.087
901.000	5.588	25.631	-20.043
902.000	5.583	25.583	-20.000
903.000	5.579	25.535	-19.957
904.000	5.574	25.488	-19.914
905.000	5.570	25.440	-19.871
906.000	5.565	25.394	-19.829
907.000	5.561	25.347	-19.786
908.000	5.557	25.301	-19.745
909.000	5.553	25.256	-19.703
910.000	5.548	25.209	-19.660
911.000	5.544	25.164	-19.620
912.000	5.540	25.118	-19.578
913.000	5.536	25.073	-19.537
914.000	5.532	25.029	-19.497
915.000	5.528	24.984	-19.456
916.000	5.524	24.940	-19.416
917.000	5.520	24.896	-19.376
918.000	5.516	24.853	-19.337
919.000	5.511	24.810	-19.299
920.000	5.508	24.767	-19.259
921.000	5.504	24.725	-19.221
922.000	5.500	24.684	-19.184
923.000	5.496	24.643	-19.147
924.000	5.492	24.602	-19.110
925.000	5.488	24.563	-19.075
926.000	5.484	24.523	-19.038
927.000	5.481	24.483	-19.002
928.000	5.477	24.444	-18.967
929.000	5.473	24.405	-18.932
930.000	5.470	24.365	-18.896
931.000	5.466	24.327	-18.861
932.000	5.462	24.288	-18.826
933.000	5.459	24.250	-18.791
934.000	5.455	24.212	-18.757
935.000	5.451	24.174	-18.723
936.000	5.448	24.137	-18.689
937.000	5.444	24.099	-18.654
938.000	5.441	24.062	-18.621
939.000	5.437	24.025	-18.587
940.000	5.434	23.988	-18.554
941.000	5.430	23.951	-18.520
942.000	5.427	23.915	-18.488
943.000	5.424	23.879	-18.455
944.000	5.420	23.843	-18.422
945.000	5.417	23.806	-18.389
946.000	5.414	23.771	-18.358
947.000	5.410	23.737	-18.327
948.000	5.407	23.702	-18.295
949.000	5.404	23.666	-18.262
950.000	5.401	23.631	-18.231
951.000	5.397	23.596	-18.199
952.000	5.394	23.560	-18.166
953.000	5.391	23.527	-18.136
954.000	5.388	23.492	-18.105
955.000	5.384	23.461	-18.077
956.000	5.381	23.428	-18.047
957.000	5.378	23.397	-18.019
958.000	5.375	23.365	-17.990
959.000	5.372	23.335	-17.963
960.000	5.369	23.304	-17.935
961.000	5.366	23.272	-17.906
962.000	5.363	23.241	-17.878
963.000	5.360	23.210	-17.850
964.000	5.357	23.178	-17.821
965.000	5.354	23.148	-17.793
966.000	5.351	23.116	-17.764
967.000	5.349	23.085	-17.736
968.000	5.345	23.054	-17.708
969.000	5.342	23.023	-17.681
970.000	5.339	22.993	-17.654
971.000	5.336	22.964	-17.627
972.000	5.333	22.933	-17.600
973.000	5.330	22.904	-17.574
974.000	5.327	22.875	-17.547
975.000	5.324	22.845	-17.521
976.000	5.322	22.816	-17.494
977.000	5.319	22.787	-17.468
978.000	5.316	22.758	-17.442
979.000	5.313	22.730	-17.417
980.000	5.310	22.701	-17.391
981.000	5.307	22.674	-17.366
982.000	5.305	22.646	-17.341
983.000	5.302	22.618	-17.316
984.000	5.300	22.590	-17.291
985.000	5.297	22.562	-17.265
986.000	5.294	22.535	-17.241
987.000	5.291	22.506	-17.215
988.000	5.289	22.480	-17.191
989.000	5.286	22.451	-17.165
990.000	5.284	22.424	-17.140
991.000	5.281	22.396	-17.116
992.000	5.278	22.371	-17.093
993.000	5.276	22.345	-17.069
994.000	5.273	22.319	-17.046
995.000	5.271	22.293	-17.022
996.000	5.269	22.268	-16.999
997.000	5.266	22.241	-16.975
998.000	5.264	22.217	-16.953
999.000	5.262	22.191	-16.929
1000.000	5.259	22.166	-16.907
1001.000	5.257	22.142	-16.885
1002.000	5.255	22.117	-16.863
1003.000	5.253	22.093	-16.840
1004.000	5.250	22.069	-16.819
1005.000	5.248	22.045	-16.797
1006.000	5.246	22.020	-16.774
1007.000	5.244	21.996	-16.752
1008.000	5.241	21.973	-16.731
1009.000	5.239	21.949	-16.710
1010.000	5.237	21.925	-16.688
1011.000	5.235	21.901	-16.666
1012.000	5.233	21.877	-16.644
1013.000	5.231	21.854	-16.624
1014.000	5.228	21.830	-16.602
1015.000	5.226	21.808	-16.582
1016.000	5.224	21.785	-16.562
1017.000	5.221	21.762	-16.541
1018.000	5.219	21.739	-16.520
1019.000	5.217	21.716	-16.500
1020.000	5.215	21.694	-16.479
1021.000	5.212	21.672	-16.459
1022.000	5.210	21.650	-16.439
1023.000	5.208	21.627	-16.419
1024.000	5.206	21.606	-16.400
1025.000	5.204	21.583	-16.379
1026.000	5.202	21.562	-16.360
1027.000	5.199	21.539	-16.340
1028.000	5.197	21.517	-16.320
1029.000	5.195	21.496	-16.300
1030.000	5.193	21.471	-16.278
1031.000	5.191	21.452	-16.261
1032.000	5.189	21.431	-16.242
1033.000	5.187	21.410	-16.223
1034.000	5.185	21.387	-16.202
1035.000	5.154	21.084	-15.930
1036.000	5.158	21.080	-15.922
1037.000	5.156	21.061	-15.905
1038.000	5.154	21.042	-15.887
1039.000	5.153	21.022	-15.870
1040.000	5.151	21.004	-15.853
1041.000	5.149	20.985	-15.836
1042.000	5.147	20.966	-15.819
1043.000	5.145	20.947	-15.802
1044.000	5.144	20.928	-15.785
1045.000	5.142	20.909	-15.768
1046.000	5.140	20.892	-15.752
1047.000	5.138	20.873	-15.734
1048.000	5.137	20.855	-15.718
1049.000	5.135	20.836	-15.702
1050.000	5.133	20.818	-15.685
1051.000	5.131	20.801	-15.669
1052.000	5.130	20.783	-15.653
1053.000	5.128	20.765	-15.638
1054.000	5.126	20.747	-15.620
1055.000	5.125	20.729	-15.604
1056.000	5.123	20.711	-15.588
1057.000	5.121	20.693	-15.572
1058.000	5.119	20.676	-15.556
1059.000	5.118	20.658	-15.540
1060.000	5.116	20.640	-15.524
1061.000	5.115	20.623	-15.508
1062.000	5.113	20.605	-15.492
1063.000	5.111	20.587	-15.476
1064.000	5.110	20.570	-15.460
1065.000	5.108	20.552	-15.444
1066.000	5.106	20.535	-15.428
1067.000	5.105	20.518	-15.413
1068.000	5.103	20.500	-15.396
1069.000	5.102	20.483	-15.381
1070.000	5.100	20.467	-15.367
1071.000	5.098	20.450	-15.352
1072.000	5.097	20.433	-15.336
1073.000	5.095	20.417	-15.321
1074.000	5.094	20.399	-15.305
1075.000	5.092	20.382	-15.290
1076.000	5.090	20.366	-15.276
1077.000	5.089	20.350	-15.261
1078.000	5.087	20.334	-15.247
1079.000	5.085	20.318	-15.232
1080.000	5.084	20.301	-15.218
1081.000	5.082	20.286	-15.204
1082.000	5.081	20.270	-15.189
1083.000	5.079	20.255	-15.176
1084.000	5.078	20.239	-15.161
1085.000	5.076	20.223	-15.147
1086.000	5.074	20.208	-15.133
1087.000	5.073	20.192	-15.119
1088.000	5.071	20.177	-15.105
1089.000	5.070	20.161	-15.091
1090.000	5.068	20.145	-15.076
1091.000	5.067	20.128	-15.061
1092.000	5.065	20.114	-15.049
1093.000	5.064	20.098	-15.034
1094.000	5.062	20.084	-15.021
1095.000	5.061	20.069	-15.008
1096.000	5.059	20.055	-14.996
1097.000	5.058	20.040	-14.982
1098.000	5.056	20.024	-14.968
1099.000	5.055	20.011	-14.956
1100.000	5.053	19.995	-14.942
1101.000	5.052	19.981	-14.929
1102.000	5.050	19.966	-14.916
1103.000	5.049	19.951	-14.902
1104.000	5.048	19.926	-14.878
1105.000	5.046	19.911	-14.865
1106.000	5.045	19.899	-14.854
1107.000	5.043	19.881	-14.838
1108.000	5.042	19.869	-14.827
1109.000	5.041	19.857	-14.817
1110.000	5.039	19.843	-14.803
1111.000	5.038	19.828	-14.790
1112.000	5.037	19.814	-14.777
1113.000	5.035	19.800	-14.764
1114.000	5.034	19.784	-14.751
1115.000	5.032	19.772	-14.740
1116.000	5.031	19.758	-14.728
1117.000	5.029	19.743	-14.714
1118.000	5.028	19.732	-14.704
1119.000	5.027	19.718	-14.692
1120.000	5.025	19.704	-14.679
1121.000	5.024	19.690	-14.666
1122.000	5.022	19.679	-14.657
1123.000	5.021	19.663	-14.642
1124.000	5.019	19.650	-14.631
1125.000	5.018	19.637	-14.619
1126.000	5.017	19.624	-14.607
1127.000	5.015	19.612	-14.596
1128.000	5.014	19.600	-14.586
1129.000	5.013	19.585	-14.572
1130.000	5.012	19.571	-14.559
1131.000	5.010	19.558	-14.548
1132.000	5.009	19.545	-14.536
1133.000	5.008	19.533	-14.525
1134.000	5.006	19.519	-14.512
1135.000	0.000	0.000	0.000
1136.000	4.952	18.922	-13.971
1137.000	4.950	18.909	-13.958
1138.000	4.949	18.899	-13.950
1139.000	4.948	18.889	-13.941
1140.000	4.947	18.877	-13.930
1141.000	4.946	18.868	-13.922
1142.000	4.945	18.857	-13.912
1143.000	4.944	18.847	-13.904
1144.000	4.943	18.838	-13.895
1145.000	4.942	18.827	-13.885
1146.000	4.941	18.818	-13.877
1147.000	4.940	18.807	-13.868
1148.000	4.939	18.798	-13.859
1149.000	4.938	18.787	-13.849
1150.000	4.937	18.775	-13.839
1151.000	4.936	18.767	-13.831
1152.000	4.935	18.757	-13.822
1153.000	4.934	18.747	-13.814
1154.000	4.933	18.736	-13.803
1155.000	4.932	18.728	-13.796
1156.000	4.931	18.716	-13.785
1157.000	4.930	18.708	-13.778
1158.000	4.929	18.698	-13.770
1159.000	4.928	18.690	-13.762
1160.000	4.927	18.680	-13.753
1161.000	4.926	18.670	-13.744
1162.000	4.925	18.661	-13.736
1163.000	4.924	18.651	-13.727
1164.000	4.923	18.642	-13.719
1165.000	4.922	18.633	-13.710
1166.000	4.921	18.625	-13.704
1167.000	4.920	18.616	-13.696
1168.000	4.919	18.606	-13.687
1169.000	4.918	18.598	-13.680
1170.000	4.918	18.588	-13.671
1171.000	4.917	18.581	-13.664
1172.000	4.916	18.571	-13.655
1173.000	4.915	18.562	-13.647
1174.000	4.914	18.554	-13.639
1175.000	4.913	18.544	-13.631
1176.000	4.912	18.535	-13.623
1177.000	4.912	18.527	-13.615
1178.000	4.911	18.518	-13.608
1179.000	4.910	18.509	-13.599
1180.000	4.909	18.500	-13.591
1181.000	4.909	18.491	-13.582
1182.000	4.908	18.483	-13.575
1183.000	4.907	18.475	-13.568
1184.000	4.906	18.465	-13.559
1185.000	4.905	18.458	-13.552
1186.000	4.904	18.449	-13.544
1187.000	4.903	18.440	-13.537
1188.000	4.902	18.431	-13.529
1189.000	4.902	18.423	-13.521
1190.000	4.901	18.416	-13.515
1191.000	4.900	18.405	-13.505
1192.000	4.899	18.398	-13.499
1193.000	4.899	18.391	-13.492
1194.000	4.898	18.379	-13.481
1195.000	4.897	18.370	-13.473
1196.000	4.896	18.363	-13.467
1197.000	4.896	18.355	-13.459
1198.000	4.895	18.346	-13.452
1199.000	4.894	18.339	-13.446
1200.000	4.893	18.331	-13.438
1201.000	4.892	18.323	-13.431
