Index	V	I	R	T_coldhead	T_sample
0.000	0.026	0.010	2.565	4.390	4.389
1.000	0.026	0.010	2.562	4.390	4.389
2.000	0.026	0.010	2.565	4.391	4.390
3.000	0.026	0.010	2.566	4.393	4.392
4.000	0.026	0.010	2.566	4.396	4.395
5.000	0.026	0.010	2.568	4.401	4.400
6.000	0.026	0.010	2.565	4.408	4.407
7.000	0.026	0.010	2.567	4.417	4.417
8.000	0.026	0.010	2.569	4.430	4.430
9.000	0.026	0.010	2.572	4.446	4.446
10.000	0.026	0.010	2.572	4.465	4.465
11.000	0.026	0.010	2.572	4.487	4.488
12.000	0.026	0.010	2.572	4.511	4.513
13.000	0.026	0.010	2.568	4.538	4.540
14.000	0.026	0.010	2.570	4.568	4.570
15.000	0.026	0.010	2.570	4.600	4.603
16.000	0.026	0.010	2.563	4.635	4.637
17.000	0.026	0.010	2.571	4.671	4.674
18.000	0.026	0.010	2.562	4.710	4.713
19.000	0.026	0.010	2.567	4.752	4.755
20.000	0.026	0.010	2.567	4.795	4.798
21.000	0.026	0.010	2.567	4.839	4.842
22.000	0.026	0.010	2.569	4.884	4.887
23.000	0.026	0.010	2.568	4.929	4.932
24.000	0.026	0.010	2.567	4.975	4.979
25.000	0.026	0.010	2.561	5.025	5.029
26.000	0.026	0.010	2.570	5.076	5.080
27.000	0.026	0.010	2.568	5.127	5.127
28.000	0.026	0.010	2.569	5.177	5.181
29.000	0.026	0.010	2.574	5.227	5.231
30.000	0.026	0.010	2.571	5.277	5.277
31.000	0.026	0.010	2.571	5.330	5.334
32.000	0.026	0.010	2.570	5.382	5.382
33.000	0.026	0.010	2.572	5.434	5.434
34.000	0.026	0.010	2.566	5.484	5.488
35.000	0.026	0.010	2.571	5.534	5.537
36.000	0.026	0.010	2.576	5.583	5.586
37.000	0.026	0.010	2.574	5.634	5.638
38.000	0.026	0.010	2.576	5.684	5.687
39.000	0.026	0.010	2.576	5.733	5.737
40.000	0.026	0.010	2.574	5.781	5.784
41.000	0.026	0.010	2.572	5.828	5.828
42.000	0.026	0.010	2.570	5.873	5.876
43.000	0.026	0.010	2.567	5.919	5.922
44.000	0.026	0.010	2.575	5.965	5.965
45.000	0.026	0.010	2.576	6.010	6.010
46.000	0.026	0.010	2.571	6.054	6.054
47.000	0.026	0.010	2.571	6.097	6.097
48.000	0.026	0.010	2.574	6.138	6.138
49.000	0.026	0.010	2.577	6.178	6.178
50.000	0.026	0.010	2.576	6.217	6.217
51.000	0.026	0.010	2.571	6.255	6.255
52.000	0.026	0.010	2.575	6.294	6.294
53.000	0.026	0.010	2.576	6.332	6.332
54.000	0.026	0.010	2.576	6.369	6.369
55.000	0.026	0.010	2.578	6.404	6.404
56.000	0.026	0.010	2.571	6.438	6.438
57.000	0.026	0.010	2.575	6.471	6.471
58.000	0.026	0.010	2.574	6.503	6.503
59.000	0.026	0.010	2.573	6.534	6.534
60.000	0.026	0.010	2.577	6.563	6.563
61.000	0.026	0.010	2.579	6.592	6.592
62.000	0.026	0.010	2.576	6.621	6.621
63.000	0.026	0.010	2.574	6.649	6.649
64.000	0.026	0.010	2.575	6.677	6.677
65.000	0.026	0.010	2.578	6.703	6.703
66.000	0.026	0.010	2.582	6.729	6.729
67.000	0.026	0.010	2.580	6.754	6.754
68.000	0.026	0.010	2.581	6.779	6.779
69.000	0.026	0.010	2.579	6.802	6.802
70.000	0.026	0.010	2.586	6.826	6.826
71.000	0.026	0.010	2.579	6.849	6.849
72.000	0.026	0.010	2.586	6.873	6.873
73.000	0.026	0.010	2.586	6.897	6.897
74.000	0.026	0.010	2.588	6.922	6.922
75.000	0.026	0.010	2.585	6.947	6.947
76.000	0.026	0.010	2.588	6.974	6.974
77.000	0.026	0.010	2.596	7.001	7.001
78.000	0.027	0.010	2.684	7.028	7.028
79.000	0.029	0.010	2.884	7.054	7.054
80.000	0.032	0.010	3.247	7.081	7.081
81.000	0.057	0.010	5.708	7.107	7.107
82.000	0.072	0.010	7.230	7.133	7.133
83.000	0.076	0.010	7.630	7.159	7.159
84.000	0.078	0.010	7.840	7.184	7.184
85.000	0.080	0.010	7.968	7.209	7.209
86.000	0.081	0.010	8.104	7.234	7.234
87.000	0.082	0.010	8.216	7.258	7.258
88.000	0.083	0.010	8.287	7.282	7.282
89.000	0.084	0.010	8.370	7.306	7.306
90.000	0.088	0.010	8.764	7.330	7.330
91.000	0.088	0.010	8.826	7.353	7.353
92.000	0.089	0.010	8.889	7.377	7.377
93.000	0.089	0.010	8.942	7.400	7.400
94.000	0.090	0.010	9.018	7.423	7.423
95.000	0.091	0.010	9.068	7.444	7.444
96.000	0.091	0.010	9.118	7.466	7.466
97.000	0.092	0.010	9.169	7.487	7.487
98.000	0.092	0.010	9.201	7.508	7.508
99.000	0.093	0.010	9.257	7.528	7.528
100.000	0.093	0.010	9.310	7.548	7.548
101.000	0.093	0.010	9.348	7.567	7.567
102.000	0.094	0.010	9.391	7.586	7.586
103.000	0.094	0.010	9.421	7.604	7.604
104.000	0.095	0.010	9.454	7.622	7.622
105.000	0.095	0.010	9.480	7.639	7.639
106.000	0.095	0.010	9.508	7.656	7.656
107.000	0.095	0.010	9.520	7.674	7.674
108.000	0.095	0.010	9.536	7.691	7.691
109.000	0.096	0.010	9.555	7.707	7.707
110.000	0.096	0.010	9.558	7.723	7.723
111.000	0.096	0.010	9.586	7.739	7.739
112.000	0.096	0.010	9.607	7.754	7.754
113.000	0.096	0.010	9.620	7.768	7.768
114.000	0.096	0.010	9.630	7.782	7.782
115.000	0.097	0.010	9.653	7.796	7.796
116.000	0.097	0.010	9.695	7.809	7.809
117.000	0.097	0.010	9.703	7.822	7.822
118.000	0.097	0.010	9.700	7.834	7.834
119.000	0.097	0.010	9.724	7.846	7.846
120.000	0.097	0.010	9.717	7.858	7.858
121.000	0.097	0.010	9.734	7.869	7.869
122.000	0.097	0.010	9.719	7.879	7.879
123.000	0.097	0.010	9.710	7.889	7.889
124.000	0.097	0.010	9.713	7.899	7.899
125.000	0.097	0.010	9.719	7.908	7.908
126.000	0.097	0.010	9.731	7.917	7.917
127.000	0.097	0.010	9.707	7.926	7.926
128.000	0.097	0.010	9.722	7.935	7.935
129.000	0.097	0.010	9.722	7.943	7.943
130.000	0.097	0.010	9.731	7.951	7.951
131.000	0.097	0.010	9.719	7.959	7.959
132.000	0.097	0.010	9.710	7.966	7.966
133.000	0.097	0.010	9.710	7.973	7.973
134.000	0.097	0.010	9.710	7.980	7.980
135.000	0.097	0.010	9.724	7.986	7.986
136.000	0.097	0.010	9.726	7.993	7.993
137.000	0.097	0.010	9.722	7.999	7.999
138.000	0.097	0.010	9.735	8.005	8.005
139.000	0.097	0.010	9.724	8.010	8.010
140.000	0.097	0.010	9.730	8.016	8.016
141.000	0.097	0.010	9.740	8.021	8.021
142.000	0.097	0.010	9.736	8.026	8.026
143.000	0.097	0.010	9.718	8.031	8.031
144.000	0.097	0.010	9.716	8.036	8.036
145.000	0.097	0.010	9.719	8.040	8.040
146.000	0.097	0.010	9.724	8.044	8.044
147.000	0.097	0.010	9.737	8.048	8.048
148.000	0.097	0.010	9.738	8.053	8.053
149.000	0.097	0.010	9.717	8.057	8.057
150.000	0.097	0.010	9.726	8.061	8.061
151.000	0.097	0.010	9.734	8.065	8.065
152.000	0.097	0.010	9.727	8.068	8.068
153.000	0.097	0.010	9.705	8.072	8.072
154.000	0.097	0.010	9.724	8.075	8.075
155.000	0.097	0.010	9.709	8.079	8.079
156.000	0.097	0.010	9.720	8.082	8.082
157.000	0.097	0.010	9.716	8.085	8.085
158.000	0.097	0.010	9.715	8.089	8.089
159.000	0.097	0.010	9.714	8.092	8.092
160.000	0.097	0.010	9.709	8.095	8.095
161.000	0.097	0.010	9.717	8.097	8.097
162.000	0.097	0.010	9.716	8.100	8.100
163.000	0.097	0.010	9.699	8.102	8.102
164.000	0.097	0.010	9.705	8.104	8.104
165.000	0.097	0.010	9.703	8.107	8.107
166.000	0.097	0.010	9.713	8.109	8.109
167.000	0.097	0.010	9.711	8.111	8.111
168.000	0.097	0.010	9.718	8.114	8.114
169.000	0.097	0.010	9.700	8.115	8.115
170.000	0.097	0.010	9.718	8.118	8.118
171.000	0.097	0.010	9.699	8.120	8.120
172.000	0.097	0.010	9.728	8.122	8.122
173.000	0.097	0.010	9.704	8.124	8.124
174.000	0.097	0.010	9.717	8.126	8.126
175.000	0.097	0.010	9.721	8.128	8.128
176.000	0.097	0.010	9.717	8.129	8.129
177.000	0.097	0.010	9.719	8.131	8.131
178.000	0.097	0.010	9.708	8.132	8.132
179.000	0.097	0.010	9.701	8.134	8.134
180.000	0.097	0.010	9.711	8.136	8.136
181.000	0.097	0.010	9.709	8.137	8.137
182.000	0.097	0.010	9.707	8.139	8.139
183.000	0.097	0.010	9.726	8.140	8.140
184.000	0.097	0.010	9.711	8.141	8.141
185.000	0.097	0.010	9.710	8.143	8.143
186.000	0.097	0.010	9.710	8.145	8.145
187.000	0.097	0.010	9.715	8.146	8.146
188.000	0.097	0.010	9.714	8.147	8.147
189.000	0.097	0.010	9.716	8.148	8.148
190.000	0.097	0.010	9.705	8.149	8.149
191.000	0.097	0.010	9.713	8.151	8.151
192.000	0.097	0.010	9.711	8.152	8.152
193.000	0.097	0.010	9.698	8.153	8.153
194.000	0.097	0.010	9.711	8.155	8.155
195.000	0.097	0.010	9.719	8.155	8.155
196.000	0.097	0.010	9.707	8.157	8.157
197.000	0.097	0.010	9.699	8.158	8.158
198.000	0.097	0.010	9.713	8.159	8.159
199.000	0.097	0.010	9.706	8.160	8.160
200.000	0.097	0.010	9.720	8.161	8.161
201.000	0.097	0.010	9.696	8.162	8.162
202.000	0.097	0.010	9.716	8.164	8.164
203.000	0.097	0.010	9.717	8.165	8.165
204.000	0.097	0.010	9.702	8.166	8.166
205.000	0.097	0.010	9.707	8.167	8.167
206.000	0.097	0.010	9.700	8.168	8.168
207.000	0.097	0.010	9.721	8.169	8.169
208.000	0.097	0.010	9.719	8.170	8.170
209.000	0.097	0.010	9.730	8.171	8.171
210.000	0.097	0.010	9.727	8.172	8.172
211.000	0.097	0.010	9.718	8.173	8.173
212.000	0.097	0.010	9.714	8.174	8.174
213.000	0.097	0.010	9.699	8.175	8.175
214.000	0.097	0.010	9.712	8.176	8.176
215.000	0.097	0.010	9.712	8.176	8.176
216.000	0.097	0.010	9.720	8.177	8.177
217.000	0.097	0.010	9.709	8.178	8.178
218.000	0.097	0.010	9.707	8.179	8.179
219.000	0.097	0.010	9.711	8.179	8.179
220.000	0.097	0.010	9.710	8.180	8.180
221.000	0.097	0.010	9.715	8.181	8.181
222.000	0.097	0.010	9.704	8.182	8.182
223.000	0.097	0.010	9.719	8.183	8.183
224.000	0.097	0.010	9.702	8.183	8.183
225.000	0.097	0.010	9.716	8.184	8.184
226.000	0.097	0.010	9.715	8.185	8.185
227.000	0.097	0.010	9.717	8.185	8.185
228.000	0.097	0.010	9.722	8.186	8.186
229.000	0.097	0.010	9.713	8.187	8.187
230.000	0.097	0.010	9.707	8.188	8.188
231.000	0.097	0.010	9.706	8.189	8.189
232.000	0.097	0.010	9.711	8.190	8.190
233.000	0.097	0.010	9.712	8.191	8.191
234.000	0.097	0.010	9.717	8.191	8.191
235.000	0.097	0.010	9.727	8.192	8.192
236.000	0.097	0.010	9.709	8.192	8.192
237.000	0.097	0.010	9.706	8.193	8.193
238.000	0.097	0.010	9.731	8.194	8.194
239.000	0.097	0.010	9.721	8.194	8.194
240.000	0.097	0.010	9.728	8.195	8.195
241.000	0.097	0.010	9.723	8.195	8.195
242.000	0.097	0.010	9.734	8.195	8.195
243.000	0.097	0.010	9.708	8.196	8.196
244.000	0.097	0.010	9.710	8.197	8.197
245.000	0.097	0.010	9.722	8.198	8.198
246.000	0.097	0.010	9.711	8.199	8.199
247.000	0.097	0.010	9.725	8.200	8.200
248.000	0.097	0.010	9.706	8.200	8.200
249.000	0.097	0.010	9.723	8.201	8.201
250.000	0.097	0.010	9.707	8.201	8.201
251.000	0.097	0.010	9.717	8.202	8.202
252.000	0.097	0.010	9.717	8.203	8.203
253.000	0.097	0.010	9.712	8.204	8.204
254.000	0.097	0.010	9.691	8.204	8.204
255.000	0.097	0.010	9.720	8.204	8.204
256.000	0.097	0.010	9.720	8.204	8.204
257.000	0.097	0.010	9.742	8.205	8.205
258.000	0.097	0.010	9.710	8.206	8.206
259.000	0.097	0.010	9.735	8.206	8.206
260.000	0.097	0.010	9.722	8.207	8.207
261.000	0.097	0.010	9.729	8.207	8.207
262.000	0.097	0.010	9.710	8.208	8.208
263.000	0.097	0.010	9.719	8.208	8.208
264.000	0.097	0.010	9.728	8.209	8.209
265.000	0.097	0.010	9.707	8.209	8.209
266.000	0.097	0.010	9.719	8.210	8.210
267.000	0.097	0.010	9.723	8.210	8.210
268.000	0.097	0.010	9.709	8.211	8.211
269.000	0.097	0.010	9.712	8.211	8.211
270.000	0.097	0.010	9.713	8.211	8.211
271.000	0.097	0.010	9.719	8.212	8.212
272.000	0.097	0.010	9.710	8.212	8.212
273.000	0.097	0.010	9.706	8.212	8.212
274.000	0.097	0.010	9.709	8.213	8.213
275.000	0.097	0.010	9.717	8.214	8.214
276.000	0.097	0.010	9.721	8.214	8.214
277.000	0.097	0.010	9.705	8.214	8.214
278.000	0.097	0.010	9.718	8.215	8.215
279.000	0.097	0.010	9.705	8.215	8.215
280.000	0.097	0.010	9.707	8.216	8.216
281.000	0.097	0.010	9.711	8.216	8.216
282.000	0.097	0.010	9.690	8.217	8.217
283.000	0.097	0.010	9.687	8.218	8.218
284.000	0.097	0.010	9.698	8.219	8.219
285.000	0.097	0.010	9.702	8.220	8.220
286.000	0.097	0.010	9.708	8.220	8.220
287.000	0.097	0.010	9.695	8.221	8.221
288.000	0.097	0.010	9.735	8.222	8.222
289.000	0.097	0.010	9.712	8.222	8.222
290.000	0.097	0.010	9.717	8.223	8.223
291.000	0.097	0.010	9.707	8.223	8.223
292.000	0.097	0.010	9.713	8.224	8.224
293.000	0.097	0.010	9.720	8.225	8.225
294.000	0.097	0.010	9.711	8.225	8.225
295.000	0.097	0.010	9.715	8.225	8.225
296.000	0.097	0.010	9.712	8.226	8.226
297.000	0.097	0.010	9.705	8.227	8.227
298.000	0.097	0.010	9.713	8.228	8.228
299.000	0.097	0.010	9.697	8.228	8.228
300.000	0.097	0.010	9.707	8.229	8.229
301.000	0.097	0.010	9.710	8.229	8.229
302.000	0.097	0.010	9.698	8.230	8.230
303.000	0.097	0.010	9.701	8.231	8.231
304.000	0.097	0.010	9.712	8.231	8.231
305.000	0.097	0.010	9.711	8.232	8.232
306.000	0.097	0.010	9.716	8.232	8.232
307.000	0.097	0.010	9.701	8.232	8.232
308.000	0.097	0.010	9.714	8.233	8.233
309.000	0.097	0.010	9.706	8.233	8.233
310.000	0.097	0.010	9.689	8.234	8.234
311.000	0.097	0.010	9.693	8.234	8.234
312.000	0.097	0.010	9.704	8.235	8.235
313.000	0.097	0.010	9.690	8.235	8.235
314.000	0.097	0.010	9.685	8.236	8.236
315.000	0.097	0.010	9.689	8.236	8.236
316.000	0.097	0.010	9.711	8.236	8.236
317.000	0.097	0.010	9.702	8.237	8.237
318.000	0.097	0.010	9.711	8.238	8.238
319.000	0.097	0.010	9.704	8.238	8.238
320.000	0.097	0.010	9.716	8.239	8.239
321.000	0.097	0.010	9.707	8.240	8.240
322.000	0.097	0.010	9.694	8.240	8.240
323.000	0.097	0.010	9.703	8.241	8.241
324.000	0.097	0.010	9.700	8.241	8.241
325.000	0.097	0.010	9.714	8.242	8.242
326.000	0.097	0.010	9.706	8.242	8.242
327.000	0.097	0.010	9.708	8.243	8.243
328.000	0.097	0.010	9.705	8.243	8.243
329.000	0.097	0.010	9.735	8.244	8.244
330.000	0.097	0.010	9.717	8.245	8.245
331.000	0.097	0.010	9.714	8.245	8.245
332.000	0.097	0.010	9.709	8.246	8.246
333.000	0.097	0.010	9.706	8.246	8.246
334.000	0.097	0.010	9.704	8.248	8.248
335.000	0.097	0.010	9.693	8.248	8.248
336.000	0.097	0.010	9.697	8.249	8.249
337.000	0.097	0.010	9.701	8.250	8.250
338.000	0.097	0.010	9.704	8.250	8.250
339.000	0.097	0.010	9.710	8.251	8.251
340.000	0.097	0.010	9.724	8.251	8.251
341.000	0.097	0.010	9.712	8.252	8.252
342.000	0.097	0.010	9.707	8.253	8.253
343.000	0.097	0.010	9.692	8.254	8.254
344.000	0.097	0.010	9.717	8.254	8.254
345.000	0.097	0.010	9.708	8.255	8.255
346.000	0.097	0.010	9.705	8.256	8.256
347.000	0.097	0.010	9.702	8.257	8.257
348.000	0.097	0.010	9.723	8.257	8.257
349.000	0.097	0.010	9.714	8.258	8.258
350.000	0.097	0.010	9.693	8.258	8.258
351.000	0.097	0.010	9.703	8.259	8.259
352.000	0.097	0.010	9.699	8.259	8.259
353.000	0.097	0.010	9.697	8.259	8.259
354.000	0.097	0.010	9.708	8.260	8.260
355.000	0.097	0.010	9.700	8.260	8.260
356.000	0.097	0.010	9.708	8.261	8.261
357.000	0.097	0.010	9.711	8.261	8.261
358.000	0.097	0.010	9.701	8.262	8.262
359.000	0.097	0.010	9.711	8.262	8.262
360.000	0.097	0.010	9.703	8.263	8.263
361.000	0.097	0.010	9.706	8.263	8.263
362.000	0.097	0.010	9.699	8.264	8.264
363.000	0.097	0.010	9.700	8.264	8.264
364.000	0.097	0.010	9.713	8.265	8.265
365.000	0.097	0.010	9.695	8.265	8.265
366.000	0.097	0.010	9.714	8.265	8.265
367.000	0.097	0.010	9.716	8.266	8.266
368.000	0.097	0.010	9.704	8.266	8.266
369.000	0.097	0.010	9.713	8.266	8.266
370.000	0.097	0.010	9.700	8.266	8.266
371.000	0.097	0.010	9.702	8.267	8.267
372.000	0.097	0.010	9.713	8.267	8.267
373.000	0.097	0.010	9.707	8.267	8.267
374.000	0.097	0.010	9.722	8.268	8.268
375.000	0.097	0.010	9.716	8.268	8.268
376.000	0.097	0.010	9.701	8.269	8.269
377.000	0.097	0.010	9.706	8.269	8.269
378.000	0.097	0.010	9.720	8.270	8.270
379.000	0.097	0.010	9.712	8.270	8.270
380.000	0.097	0.010	9.718	8.271	8.271
381.000	0.097	0.010	9.721	8.272	8.272
382.000	0.097	0.010	9.710	8.272	8.272
383.000	0.097	0.010	9.724	8.273	8.273
384.000	0.097	0.010	9.718	8.273	8.273
385.000	0.097	0.010	9.721	8.273	8.273
386.000	0.097	0.010	9.722	8.273	8.273
387.000	0.097	0.010	9.721	8.274	8.274
388.000	0.097	0.010	9.717	8.274	8.274
389.000	0.097	0.010	9.704	8.275	8.275
390.000	0.097	0.010	9.721	8.275	8.275
391.000	0.097	0.010	9.709	8.276	8.276
392.000	0.097	0.010	9.700	8.276	8.276
393.000	0.097	0.010	9.714	8.276	8.276
394.000	0.097	0.010	9.701	8.277	8.277
395.000	0.097	0.010	9.707	8.277	8.277
396.000	0.097	0.010	9.707	8.277	8.277
397.000	0.097	0.010	9.699	8.278	8.278
398.000	0.097	0.010	9.719	8.278	8.278
399.000	0.097	0.010	9.720	8.278	8.278
400.000	0.097	0.010	9.719	8.278	8.278
401.000	0.097	0.010	9.701	8.279	8.279
402.000	0.097	0.010	9.714	8.279	8.279
403.000	0.097	0.010	9.707	8.280	8.280
404.000	0.097	0.010	9.722	8.280	8.280
405.000	0.097	0.010	9.703	8.280	8.280
406.000	0.097	0.010	9.727	8.281	8.281
407.000	0.097	0.010	9.720	8.281	8.281
408.000	0.097	0.010	9.707	8.281	8.281
409.000	0.097	0.010	9.705	8.281	8.281
410.000	0.097	0.010	9.718	8.282	8.282
411.000	0.097	0.010	9.707	8.282	8.282
412.000	0.097	0.010	9.712	8.282	8.282
413.000	0.097	0.010	9.716	8.283	8.283
414.000	0.097	0.010	9.692	8.283	8.283
415.000	0.097	0.010	9.728	8.284	8.284
416.000	0.097	0.010	9.712	8.284	8.284
417.000	0.097	0.010	9.709	8.285	8.285
418.000	0.097	0.010	9.707	8.285	8.285
419.000	0.097	0.010	9.719	8.286	8.286
420.000	0.097	0.010	9.719	8.286	8.286
421.000	0.097	0.010	9.728	8.286	8.286
422.000	0.097	0.010	9.709	8.287	8.287
423.000	0.097	0.010	9.714	8.287	8.287
424.000	0.097	0.010	9.710	8.287	8.287
425.000	0.097	0.010	9.722	8.288	8.288
426.000	0.097	0.010	9.701	8.289	8.289
427.000	0.097	0.010	9.714	8.289	8.289
428.000	0.097	0.010	9.706	8.289	8.289
429.000	0.097	0.010	9.716	8.290	8.290
430.000	0.097	0.010	9.706	8.290	8.290
431.000	0.097	0.010	9.699	8.290	8.290
432.000	0.097	0.010	9.700	8.291	8.291
433.000	0.097	0.010	9.696	8.292	8.292
434.000	0.097	0.010	9.716	8.292	8.292
435.000	0.097	0.010	9.717	8.293	8.293
436.000	0.097	0.010	9.706	8.293	8.293
437.000	0.097	0.010	9.702	8.293	8.293
438.000	0.097	0.010	9.704	8.294	8.294
439.000	0.097	0.010	9.710	8.294	8.294
440.000	0.097	0.010	9.712	8.295	8.295
441.000	0.097	0.010	9.711	8.295	8.295
442.000	0.097	0.010	9.701	8.295	8.295
443.000	0.097	0.010	9.704	8.296	8.296
444.000	0.097	0.010	9.715	8.297	8.297
445.000	0.097	0.010	9.716	8.298	8.298
446.000	0.097	0.010	9.709	8.298	8.298
447.000	0.097	0.010	9.712	8.298	8.298
448.000	0.097	0.010	9.702	8.299	8.299
449.000	0.097	0.010	9.711	8.299	8.299
450.000	0.097	0.010	9.719	8.299	8.299
451.000	0.097	0.010	9.698	8.300	8.300
452.000	0.097	0.010	9.711	8.300	8.300
453.000	0.097	0.010	9.709	8.300	8.300
454.000	0.097	0.010	9.704	8.301	8.301
455.000	0.097	0.010	9.703	8.301	8.301
456.000	0.097	0.010	9.704	8.302	8.302
457.000	0.097	0.010	9.688	8.302	8.302
458.000	0.097	0.010	9.687	8.303	8.303
459.000	0.097	0.010	9.714	8.303	8.303
460.000	0.097	0.010	9.709	8.304	8.304
461.000	0.097	0.010	9.716	8.304	8.304
462.000	0.097	0.010	9.720	8.304	8.304
463.000	0.097	0.010	9.712	8.305	8.305
464.000	0.097	0.010	9.706	8.305	8.305
465.000	0.097	0.010	9.691	8.306	8.306
466.000	0.097	0.010	9.708	8.306	8.306
467.000	0.097	0.010	9.711	8.306	8.306
468.000	0.097	0.010	9.699	8.306	8.306
469.000	0.097	0.010	9.719	8.306	8.306
470.000	0.097	0.010	9.712	8.307	8.307
471.000	0.097	0.010	9.705	8.307	8.307
472.000	0.097	0.010	9.721	8.308	8.308
473.000	0.097	0.010	9.710	8.309	8.309
474.000	0.097	0.010	9.710	8.309	8.309
475.000	0.097	0.010	9.701	8.309	8.309
476.000	0.097	0.010	9.705	8.310	8.310
477.000	0.097	0.010	9.704	8.310	8.310
478.000	0.097	0.010	9.710	8.310	8.310
479.000	0.097	0.010	9.705	8.311	8.311
480.000	0.097	0.010	9.714	8.311	8.311
481.000	0.097	0.010	9.693	8.312	8.312
482.000	0.097	0.010	9.699	8.312	8.312
483.000	0.097	0.010	9.711	8.313	8.313
484.000	0.097	0.010	9.702	8.313	8.313
485.000	0.097	0.010	9.705	8.313	8.313
486.000	0.097	0.010	9.711	8.313	8.313
487.000	0.097	0.010	9.705	8.314	8.314
488.000	0.097	0.010	9.707	8.314	8.314
489.000	0.097	0.010	9.727	8.314	8.314
490.000	0.097	0.010	9.724	8.315	8.315
491.000	0.097	0.010	9.715	8.315	8.315
492.000	0.097	0.010	9.703	8.315	8.315
493.000	0.097	0.010	9.701	8.315	8.315
494.000	0.097	0.010	9.726	8.315	8.315
495.000	0.097	0.010	9.713	8.315	8.315
496.000	0.097	0.010	9.735	8.315	8.315
497.000	0.097	0.010	9.735	8.315	8.315
498.000	0.097	0.010	9.714	8.316	8.316
499.000	0.097	0.010	9.715	8.316	8.316
500.000	0.097	0.010	9.726	8.316	8.316
501.000	0.097	0.010	9.726	8.316	8.316
502.000	0.097	0.010	9.701	8.316	8.316
503.000	0.097	0.010	9.720	8.316	8.316
504.000	0.097	0.010	9.711	8.316	8.316
505.000	0.097	0.010	9.696	8.317	8.317
506.000	0.097	0.010	9.719	8.317	8.317
507.000	0.097	0.010	9.728	8.317	8.317
508.000	0.097	0.010	9.711	8.318	8.318
509.000	0.097	0.010	9.714	8.317	8.317
510.000	0.097	0.010	9.706	8.318	8.318
511.000	0.097	0.010	9.719	8.318	8.318
512.000	0.097	0.010	9.699	8.319	8.319
513.000	0.097	0.010	9.722	8.319	8.319
514.000	0.097	0.010	9.717	8.319	8.319
515.000	0.097	0.010	9.721	8.319	8.319
516.000	0.097	0.010	9.712	8.319	8.319
517.000	0.097	0.010	9.708	8.320	8.320
518.000	0.097	0.010	9.711	8.320	8.320
519.000	0.097	0.010	9.708	8.321	8.321
520.000	0.097	0.010	9.723	8.322	8.322
521.000	0.097	0.010	9.707	8.322	8.322
522.000	0.097	0.010	9.721	8.322	8.322
523.000	0.097	0.010	9.712	8.322	8.322
524.000	0.097	0.010	9.724	8.323	8.323
525.000	0.097	0.010	9.726	8.323	8.323
526.000	0.097	0.010	9.714	8.323	8.323
527.000	0.097	0.010	9.719	8.323	8.323
528.000	0.097	0.010	9.717	8.323	8.323
529.000	0.097	0.010	9.709	8.323	8.323
530.000	0.097	0.010	9.705	8.324	8.324
531.000	0.097	0.010	9.708	8.324	8.324
532.000	0.097	0.010	9.711	8.324	8.324
533.000	0.097	0.010	9.724	8.324	8.324
534.000	0.097	0.010	9.709	8.325	8.325
535.000	0.097	0.010	9.700	8.325	8.325
536.000	0.097	0.010	9.716	8.325	8.325
537.000	0.097	0.010	9.716	8.326	8.326
538.000	0.097	0.010	9.710	8.326	8.326
539.000	0.097	0.010	9.711	8.327	8.327
540.000	0.097	0.010	9.708	8.327	8.327
541.000	0.097	0.010	9.710	8.327	8.327
542.000	0.097	0.010	9.693	8.328	8.328
543.000	0.097	0.010	9.711	8.328	8.328
544.000	0.097	0.010	9.715	8.329	8.329
545.000	0.097	0.010	9.714	8.329	8.329
546.000	0.097	0.010	9.713	8.329	8.329
547.000	0.097	0.010	9.703	8.330	8.330
548.000	0.097	0.010	9.700	8.330	8.330
549.000	0.097	0.010	9.691	8.331	8.331
550.000	0.097	0.010	9.696	8.331	8.331
551.000	0.097	0.010	9.693	8.331	8.331
552.000	0.097	0.010	9.725	8.332	8.332
553.000	0.097	0.010	9.717	8.332	8.332
554.000	0.097	0.010	9.690	8.332	8.332
555.000	0.097	0.010	9.695	8.332	8.332
556.000	0.097	0.010	9.700	8.332	8.332
557.000	0.097	0.010	9.700	8.332	8.332
558.000	0.097	0.010	9.705	8.332	8.332
559.000	0.097	0.010	9.703	8.332	8.332
560.000	0.097	0.010	9.708	8.333	8.333
561.000	0.097	0.010	9.698	8.333	8.333
562.000	0.097	0.010	9.710	8.334	8.334
563.000	0.097	0.010	9.693	8.334	8.334
564.000	0.097	0.010	9.694	8.334	8.334
565.000	0.097	0.010	9.707	8.334	8.334
566.000	0.097	0.010	9.695	8.334	8.334
567.000	0.097	0.010	9.702	8.335	8.335
568.000	0.097	0.010	9.704	8.335	8.335
569.000	0.097	0.010	9.713	8.336	8.336
570.000	0.097	0.010	9.699	8.335	8.335
571.000	0.097	0.010	9.706	8.336	8.336
572.000	0.097	0.010	9.700	8.336	8.336
573.000	0.097	0.010	9.703	8.336	8.336
574.000	0.097	0.010	9.723	8.336	8.336
575.000	0.097	0.010	9.703	8.337	8.337
576.000	0.097	0.010	9.712	8.337	8.337
577.000	0.097	0.010	9.707	8.337	8.337
578.000	0.097	0.010	9.716	8.338	8.338
579.000	0.097	0.010	9.713	8.338	8.338
580.000	0.097	0.010	9.729	8.338	8.338
581.000	0.097	0.010	9.721	8.338	8.338
582.000	0.097	0.010	9.709	8.338	8.338
583.000	0.097	0.010	9.693	8.338	8.338
584.000	0.097	0.010	9.707	8.339	8.339
585.000	0.097	0.010	9.692	8.338	8.338
586.000	0.097	0.010	9.708	8.339	8.339
587.000	0.097	0.010	9.716	8.339	8.339
588.000	0.097	0.010	9.703	8.339	8.339
589.000	0.097	0.010	9.717	8.339	8.339
590.000	0.097	0.010	9.707	8.339	8.339
591.000	0.097	0.010	9.709	8.339	8.339
592.000	0.097	0.010	9.712	8.339	8.339
593.000	0.097	0.010	9.713	8.339	8.339
594.000	0.097	0.010	9.703	8.340	8.340
595.000	0.097	0.010	9.715	8.340	8.340
596.000	0.097	0.010	9.723	8.341	8.341
597.000	0.097	0.010	9.711	8.341	8.341
598.000	0.097	0.010	9.711	8.341	8.341
599.000	0.097	0.010	9.699	8.341	8.341
600.000	0.097	0.010	9.711	8.341	8.341
601.000	0.097	0.010	9.712	8.342	8.342
602.000	0.097	0.010	9.710	8.342	8.342
603.000	0.097	0.010	9.706	8.342	8.342
604.000	0.097	0.010	9.710	8.342	8.342
605.000	0.097	0.010	9.707	8.342	8.342
606.000	0.097	0.010	9.722	8.342	8.342
607.000	0.097	0.010	9.713	8.341	8.341
608.000	0.097	0.010	9.722	8.342	8.342
609.000	0.097	0.010	9.715	8.342	8.342
610.000	0.097	0.010	9.724	8.341	8.341
611.000	0.097	0.010	9.715	8.342	8.342
612.000	0.097	0.010	9.710	8.342	8.342
613.000	0.097	0.010	9.705	8.342	8.342
614.000	0.097	0.010	9.717	8.342	8.342
615.000	0.097	0.010	9.697	8.342	8.342
616.000	0.097	0.010	9.708	8.342	8.342
617.000	0.097	0.010	9.714	8.342	8.342
618.000	0.097	0.010	9.711	8.342	8.342
619.000	0.097	0.010	9.705	8.343	8.343
620.000	0.097	0.010	9.713	8.343	8.343
621.000	0.097	0.010	9.705	8.344	8.344
622.000	0.097	0.010	9.723	8.344	8.344
623.000	0.097	0.010	9.718	8.344	8.344
624.000	0.097	0.010	9.701	8.345	8.345
625.000	0.097	0.010	9.728	8.345	8.345
626.000	0.097	0.010	9.714	8.345	8.345
627.000	0.097	0.010	9.693	8.345	8.345
628.000	0.097	0.010	9.711	8.345	8.345
629.000	0.097	0.010	9.697	8.345	8.345
630.000	0.097	0.010	9.710	8.345	8.345
631.000	0.097	0.010	9.726	8.346	8.346
632.000	0.097	0.010	9.724	8.346	8.346
633.000	0.097	0.010	9.715	8.346	8.346
634.000	0.097	0.010	9.711	8.346	8.346
635.000	0.097	0.010	9.718	8.346	8.346
636.000	0.097	0.010	9.720	8.347	8.347
637.000	0.097	0.010	9.713	8.347	8.347
638.000	0.097	0.010	9.713	8.347	8.347
639.000	0.097	0.010	9.704	8.347	8.347
640.000	0.097	0.010	9.706	8.347	8.347
641.000	0.097	0.010	9.713	8.347	8.347
642.000	0.097	0.010	9.712	8.347	8.347
643.000	0.097	0.010	9.709	8.347	8.347
644.000	0.097	0.010	9.707	8.347	8.347
645.000	0.097	0.010	9.715	8.347	8.347
646.000	0.097	0.010	9.700	8.347	8.347
647.000	0.097	0.010	9.702	8.347	8.347
648.000	0.097	0.010	9.719	8.347	8.347
649.000	0.097	0.010	9.713	8.347	8.347
650.000	0.097	0.010	9.699	8.347	8.347
651.000	0.097	0.010	9.707	8.347	8.347
652.000	0.097	0.010	9.704	8.348	8.348
653.000	0.097	0.010	9.717	8.348	8.348
654.000	0.097	0.010	9.722	8.347	8.347
655.000	0.097	0.010	9.706	8.348	8.348
656.000	0.097	0.010	9.714	8.348	8.348
657.000	0.097	0.010	9.706	8.348	8.348
658.000	0.097	0.010	9.721	8.349	8.349
659.000	0.097	0.010	9.717	8.348	8.348
660.000	0.097	0.010	9.718	8.348	8.348
661.000	0.097	0.010	9.712	8.348	8.348
662.000	0.097	0.010	9.715	8.349	8.349
663.000	0.097	0.010	9.698	8.349	8.349
664.000	0.097	0.010	9.704	8.349	8.349
665.000	0.097	0.010	9.710	8.349	8.349
666.000	0.097	0.010	9.722	8.350	8.350
667.000	0.097	0.010	9.710	8.350	8.350
668.000	0.097	0.010	9.707	8.350	8.350
669.000	0.097	0.010	9.723	8.350	8.350
670.000	0.097	0.010	9.715	8.350	8.350
671.000	0.097	0.010	9.706	8.350	8.350
672.000	0.097	0.010	9.723	8.351	8.351
673.000	0.097	0.010	9.721	8.351	8.351
674.000	0.097	0.010	9.723	8.351	8.351
675.000	0.097	0.010	9.717	8.351	8.351
676.000	0.097	0.010	9.716	8.351	8.351
677.000	0.097	0.010	9.703	8.351	8.351
678.000	0.097	0.010	9.718	8.351	8.351
679.000	0.097	0.010	9.701	8.351	8.351
680.000	0.097	0.010	9.717	8.351	8.351
681.000	0.097	0.010	9.691	8.351	8.351
682.000	0.097	0.010	9.698	8.352	8.352
683.000	0.097	0.010	9.715	8.352	8.352
684.000	0.097	0.010	9.730	8.352	8.352
685.000	0.097	0.010	9.709	8.352	8.352
686.000	0.097	0.010	9.711	8.352	8.352
687.000	0.097	0.010	9.711	8.352	8.352
688.000	0.097	0.010	9.703	8.352	8.352
689.000	0.097	0.010	9.711	8.352	8.352
690.000	0.097	0.010	9.715	8.353	8.353
691.000	0.097	0.010	9.710	8.353	8.353
692.000	0.097	0.010	9.717	8.353	8.353
693.000	0.097	0.010	9.721	8.353	8.353
694.000	0.097	0.010	9.721	8.353	8.353
695.000	0.097	0.010	9.711	8.353	8.353
696.000	0.097	0.010	9.724	8.353	8.353
697.000	0.097	0.010	9.710	8.353	8.353
698.000	0.097	0.010	9.707	8.353	8.353
699.000	0.097	0.010	9.705	8.353	8.353
700.000	0.097	0.010	9.702	8.353	8.353
701.000	0.097	0.010	9.705	8.353	8.353
702.000	0.097	0.010	9.697	8.353	8.353
703.000	0.097	0.010	9.706	8.354	8.354
704.000	0.097	0.010	9.696	8.354	8.354
705.000	0.097	0.010	9.712	8.354	8.354
706.000	0.097	0.010	9.713	8.354	8.354
707.000	0.097	0.010	9.707	8.354	8.354
708.000	0.097	0.010	9.709	8.354	8.354
709.000	0.097	0.010	9.716	8.353	8.353
710.000	0.097	0.010	9.706	8.353	8.353
711.000	0.097	0.010	9.724	8.353	8.353
712.000	0.097	0.010	9.701	8.354	8.354
713.000	0.097	0.010	9.714	8.354	8.354
714.000	0.097	0.010	9.716	8.354	8.354
715.000	0.097	0.010	9.726	8.354	8.354
716.000	0.097	0.010	9.724	8.354	8.354
717.000	0.097	0.010	9.713	8.354	8.354
718.000	0.097	0.010	9.712	8.354	8.354
719.000	0.097	0.010	9.706	8.354	8.354
720.000	0.097	0.010	9.707	8.354	8.354
721.000	0.097	0.010	9.716	8.355	8.355
722.000	0.097	0.010	9.708	8.355	8.355
723.000	0.097	0.010	9.714	8.355	8.355
724.000	0.097	0.010	9.708	8.354	8.354
725.000	0.097	0.010	9.720	8.354	8.354
726.000	0.097	0.010	9.714	8.355	8.355
727.000	0.097	0.010	9.730	8.354	8.354
728.000	0.097	0.010	9.725	8.354	8.354
729.000	0.097	0.010	9.726	8.354	8.354
730.000	0.097	0.010	9.721	8.354	8.354
731.000	0.097	0.010	9.729	8.354	8.354
732.000	0.097	0.010	9.715	8.354	8.354
733.000	0.097	0.010	9.726	8.354	8.354
734.000	0.097	0.010	9.702	8.354	8.354
735.000	0.097	0.010	9.720	8.354	8.354
736.000	0.097	0.010	9.719	8.354	8.354
737.000	0.097	0.010	9.722	8.355	8.355
738.000	0.097	0.010	9.712	8.355	8.355
739.000	0.097	0.010	9.728	8.355	8.355
740.000	0.097	0.010	9.726	8.355	8.355
741.000	0.097	0.010	9.716	8.356	8.356
742.000	0.097	0.010	9.725	8.356	8.356
743.000	0.097	0.010	9.735	8.356	8.356
744.000	0.097	0.010	9.728	8.356	8.356
745.000	0.097	0.010	9.703	8.356	8.356
746.000	0.097	0.010	9.711	8.356	8.356
747.000	0.097	0.010	9.719	8.356	8.356
748.000	0.097	0.010	9.712	8.357	8.357
749.000	0.097	0.010	9.719	8.357	8.357
750.000	0.097	0.010	9.697	8.357	8.357
751.000	0.097	0.010	9.724	8.357	8.357
752.000	0.097	0.010	9.734	8.357	8.357
753.000	0.097	0.010	9.709	8.356	8.356
754.000	0.097	0.010	9.723	8.356	8.356
755.000	0.097	0.010	9.721	8.356	8.356
756.000	0.097	0.010	9.721	8.356	8.356
757.000	0.097	0.010	9.714	8.357	8.357
758.000	0.097	0.010	9.715	8.357	8.357
759.000	0.097	0.010	9.699	8.357	8.357
760.000	0.097	0.010	9.717	8.357	8.357
761.000	0.097	0.010	9.699	8.357	8.357
762.000	0.097	0.010	9.710	8.358	8.358
763.000	0.097	0.010	9.719	8.358	8.358
764.000	0.097	0.010	9.719	8.358	8.358
765.000	0.097	0.010	9.729	8.358	8.358
766.000	0.097	0.010	9.733	8.358	8.358
767.000	0.097	0.010	9.709	8.358	8.358
768.000	0.097	0.010	9.703	8.358	8.358
769.000	0.097	0.010	9.716	8.358	8.358
770.000	0.097	0.010	9.725	8.358	8.358
771.000	0.097	0.010	9.709	8.358	8.358
772.000	0.097	0.010	9.705	8.358	8.358
773.000	0.097	0.010	9.701	8.358	8.358
774.000	0.097	0.010	9.722	8.358	8.358
775.000	0.097	0.010	9.730	8.358	8.358
776.000	0.097	0.010	9.726	8.358	8.358
777.000	0.097	0.010	9.718	8.358	8.358
778.000	0.097	0.010	9.725	8.357	8.357
779.000	0.097	0.010	9.729	8.358	8.358
780.000	0.097	0.010	9.727	8.358	8.358
781.000	0.097	0.010	9.721	8.358	8.358
782.000	0.097	0.010	9.714	8.357	8.357
783.000	0.097	0.010	9.726	8.357	8.357
784.000	0.097	0.010	9.721	8.358	8.358
785.000	0.097	0.010	9.720	8.358	8.358
786.000	0.097	0.010	9.728	8.358	8.358
787.000	0.097	0.010	9.730	8.358	8.358
788.000	0.097	0.010	9.718	8.358	8.358
789.000	0.097	0.010	9.711	8.359	8.359
790.000	0.097	0.010	9.715	8.359	8.359
791.000	0.097	0.010	9.725	8.358	8.358
792.000	0.097	0.010	9.708	8.358	8.358
793.000	0.097	0.010	9.725	8.359	8.359
794.000	0.097	0.010	9.720	8.359	8.359
795.000	0.097	0.010	9.720	8.359	8.359
796.000	0.097	0.010	9.724	8.359	8.359
797.000	0.097	0.010	9.730	8.359	8.359
798.000	0.097	0.010	9.716	8.359	8.359
799.000	0.097	0.010	9.715	8.359	8.359
800.000	0.097	0.010	9.727	8.359	8.359
801.000	0.097	0.010	9.718	8.359	8.359
802.000	0.097	0.010	9.714	8.359	8.359
803.000	0.097	0.010	9.718	8.359	8.359
804.000	0.097	0.010	9.703	8.359	8.359
805.000	0.097	0.010	9.703	8.359	8.359
806.000	0.097	0.010	9.711	8.359	8.359
807.000	0.097	0.010	9.704	8.359	8.359
808.000	0.097	0.010	9.725	8.358	8.358
809.000	0.097	0.010	9.720	8.358	8.358
810.000	0.097	0.010	9.729	8.358	8.358
811.000	0.097	0.010	9.717	8.358	8.358
812.000	0.097	0.010	9.703	8.357	8.357
813.000	0.097	0.010	9.710	8.358	8.358
814.000	0.097	0.010	9.700	8.358	8.358
815.000	0.097	0.010	9.705	8.358	8.358
816.000	0.097	0.010	9.711	8.358	8.358
817.000	0.097	0.010	9.720	8.358	8.358
818.000	0.097	0.010	9.712	8.358	8.358
819.000	0.097	0.010	9.719	8.358	8.358
820.000	0.097	0.010	9.725	8.358	8.358
821.000	0.097	0.010	9.716	8.359	8.359
822.000	0.097	0.010	9.722	8.359	8.359
823.000	0.097	0.010	9.728	8.359	8.359
824.000	0.097	0.010	9.724	8.359	8.359
825.000	0.097	0.010	9.726	8.350	8.350
826.000	0.097	0.010	9.717	8.358	8.358
827.000	0.097	0.010	9.721	8.446	8.446
828.000	0.097	0.010	9.717	8.666	8.666
829.000	0.097	0.010	9.713	8.996	8.996
830.000	0.097	0.010	9.707	12.814	12.814
831.000	0.097	0.010	9.727	13.018	13.018
832.000	0.097	0.010	9.720	13.353	13.353
833.000	0.097	0.010	9.717	13.780	13.780
834.000	0.097	0.010	9.712	14.281	14.281
835.000	0.097	0.010	9.723	14.782	14.842
836.000	0.097	0.010	9.737	15.386	15.451
837.000	0.097	0.010	9.726	16.033	16.100
838.000	0.097	0.010	9.725	16.712	16.782
839.000	0.097	0.010	9.726	17.417	17.489
840.000	0.097	0.010	9.729	18.139	18.212
841.000	0.097	0.010	9.732	18.874	18.948
842.000	0.097	0.010	9.724	19.616	19.690
843.000	0.097	0.010	9.719	20.359	20.433
844.000	0.097	0.010	9.707	21.101	21.175
845.000	0.097	0.010	9.736	21.828	21.902
846.000	0.097	0.010	9.726	22.557	22.628
847.000	0.097	0.010	9.744	23.265	23.336
848.000	0.097	0.010	9.734	23.959	24.027
849.000	0.097	0.010	9.745	24.635	24.703
850.000	0.097	0.010	9.750	25.293	25.357
851.000	0.098	0.010	9.751	25.931	25.994
852.000	0.097	0.010	9.749	26.549	26.609
853.000	0.098	0.010	9.755	27.146	27.205
854.000	0.097	0.010	9.742	27.727	27.783
855.000	0.098	0.010	9.769	28.278	28.332
856.000	0.098	0.010	9.761	28.822	28.875
857.000	0.098	0.010	9.748	29.340	29.390
858.000	0.098	0.010	9.765	29.838	29.888
859.000	0.098	0.010	9.781	30.327	30.374
860.000	0.098	0.010	9.788	30.792	30.837
861.000	0.098	0.010	9.786	31.237	31.282
862.000	0.098	0.010	9.777	31.678	31.721
863.000	0.098	0.010	9.786	32.100	32.141
864.000	0.098	0.010	9.799	32.503	32.542
865.000	0.098	0.010	9.780	32.896	32.935
866.000	0.098	0.010	9.804	33.280	33.318
867.000	0.098	0.010	9.796	33.649	33.685
868.000	0.098	0.010	9.800	34.003	34.038
869.000	0.098	0.010	9.782	34.350	34.385
870.000	0.098	0.010	9.797	34.691	34.725
871.000	0.098	0.010	9.808	35.021	35.053
872.000	0.098	0.010	9.814	35.339	35.370
873.000	0.098	0.010	9.819	35.646	35.676
874.000	0.098	0.010	9.822	35.949	35.979
875.000	0.098	0.010	9.808	36.248	36.278
876.000	0.098	0.010	9.818	36.538	36.567
877.000	0.098	0.010	9.841	36.820	36.847
878.000	0.098	0.010	9.819	37.093	37.120
879.000	0.098	0.010	9.815	37.358	37.383
880.000	0.098	0.010	9.833	37.620	37.646
881.000	0.098	0.010	9.841	37.871	37.895
882.000	0.098	0.010	9.832	38.107	38.130
883.000	0.098	0.010	9.844	38.328	38.349
884.000	0.098	0.010	9.840	38.531	38.550
885.000	0.098	0.010	9.839	38.716	38.734
886.000	0.099	0.010	9.875	38.884	38.900
887.000	0.098	0.010	9.848	39.036	39.051
888.000	0.099	0.010	9.852	39.175	39.187
889.000	0.099	0.010	9.862	39.296	39.307
890.000	0.099	0.010	9.856	39.401	39.411
891.000	0.099	0.010	9.862	39.495	39.502
892.000	0.099	0.010	9.879	39.549	39.553
893.000	0.099	0.010	9.875	39.566	39.566
894.000	0.099	0.010	9.863	39.548	39.545
895.000	0.099	0.010	9.860	39.500	39.493
896.000	0.099	0.010	9.881	39.424	39.416
897.000	0.099	0.010	9.866	39.326	39.315
898.000	0.099	0.010	9.866	39.207	39.194
899.000	0.099	0.010	9.871	39.072	39.057
900.000	0.099	0.010	9.886	38.924	38.909
901.000	0.099	0.010	9.873	38.767	38.751
902.000	0.099	0.010	9.875	38.599	38.582
903.000	0.099	0.010	9.867	38.421	38.402
904.000	0.099	0.010	9.863	38.234	38.215
905.000	0.099	0.010	9.880	38.039	38.019
906.000	0.099	0.010	9.873	37.838	37.818
907.000	0.099	0.010	9.870	37.631	37.610
908.000	0.099	0.010	9.862	37.418	37.397
909.000	0.099	0.010	9.871	37.207	37.185
910.000	0.099	0.010	9.875	36.992	36.970
911.000	0.099	0.010	9.867	36.772	36.750
912.000	0.099	0.010	9.876	36.547	36.524
913.000	0.099	0.010	9.862	36.317	36.294
914.000	0.099	0.010	9.885	36.083	36.059
915.000	0.099	0.010	9.877	35.843	35.819
916.000	0.099	0.010	9.883	35.607	35.583
917.000	0.099	0.010	9.880	35.367	35.342
918.000	0.099	0.010	9.874	35.121	35.097
919.000	0.099	0.010	9.877	34.871	34.845
920.000	0.099	0.010	9.879	34.614	34.589
921.000	0.099	0.010	9.889	34.353	34.327
922.000	0.099	0.010	9.882	34.090	34.064
923.000	0.099	0.010	9.857	33.828	33.801
924.000	0.099	0.010	9.874	33.560	33.533
925.000	0.099	0.010	9.860	33.286	33.259
926.000	0.099	0.010	9.880	33.006	32.978
927.000	0.099	0.010	9.867	32.720	32.691
928.000	0.099	0.010	9.886	32.437	32.408
929.000	0.099	0.010	9.880	32.148	32.119
930.000	0.099	0.010	9.882	31.852	31.822
931.000	0.099	0.010	9.861	31.549	31.518
932.000	0.099	0.010	9.873	31.238	31.206
933.000	0.099	0.010	9.877	30.930	30.899
934.000	0.099	0.010	9.859	30.615	30.583
935.000	0.099	0.010	9.859	30.292	30.259
936.000	0.099	0.010	9.855	29.959	29.925
937.000	0.099	0.010	9.863	29.620	29.587
938.000	0.099	0.010	9.851	29.282	29.247
939.000	0.098	0.010	9.839	28.933	28.898
940.000	0.098	0.010	9.856	28.573	28.537
