0.000	128.372	152.584	-24.212
1.000	128.125	152.335	-24.210
2.000	127.874	152.089	-24.215
3.000	127.627	151.838	-24.211
4.000	127.383	151.595	-24.212
5.000	127.143	151.338	-24.195
6.000	126.903	151.087	-24.184
7.000	126.663	150.841	-24.178
8.000	126.426	150.589	-24.163
9.000	126.187	150.340	-24.153
10.000	125.943	150.097	-24.154
11.000	125.701	149.844	-24.143
12.000	125.458	149.604	-24.146
13.000	125.216	149.356	-24.140
14.000	124.972	149.110	-24.138
15.000	124.729	148.856	-24.127
16.000	124.485	148.606	-24.121
17.000	124.240	148.359	-24.119
18.000	123.994	148.114	-24.120
19.000	123.747	147.858	-24.111
20.000	123.503	147.612	-24.109
21.000	123.261	147.365	-24.104
22.000	123.029	147.116	-24.087
23.000	122.792	146.864	-24.072
24.000	122.552	146.615	-24.063
25.000	122.309	146.353	-24.044
26.000	122.065	146.101	-24.036
27.000	121.822	145.868	-24.046
28.000	121.578	145.607	-24.029
29.000	121.332	145.360	-24.028
30.000	121.087	145.106	-24.019
31.000	120.839	144.860	-24.021
32.000	120.594	144.607	-24.013
33.000	120.347	144.355	-24.008
34.000	120.101	144.101	-24.000
35.000	119.854	143.855	-24.001
36.000	119.604	143.599	-23.995
37.000	119.361	143.343	-23.982
38.000	119.116	143.095	-23.979
39.000	118.874	142.836	-23.962
40.000	118.631	142.587	-23.956
41.000	118.388	142.327	-23.939
42.000	118.138	142.062	-23.924
43.000	117.889	141.811	-23.922
44.000	117.641	141.552	-23.911
45.000	117.394	141.298	-23.904
46.000	117.148	141.041	-23.893
47.000	116.903	140.797	-23.894
48.000	116.660	140.548	-23.888
49.000	116.416	140.291	-23.875
50.000	116.169	140.040	-23.871
51.000	115.919	139.791	-23.872
52.000	115.671	139.533	-23.862
53.000	115.423	139.275	-23.852
54.000	115.180	139.019	-23.839
55.000	114.935	138.761	-23.826
56.000	114.689	138.496	-23.807
57.000	114.440	138.245	-23.805
58.000	114.195	137.987	-23.792
59.000	113.951	137.725	-23.774
60.000	113.704	137.463	-23.759
61.000	113.456	137.207	-23.751
62.000	113.208	136.942	-23.734
63.000	112.958	136.685	-23.727
64.000	112.708	136.437	-23.729
65.000	112.457	136.184	-23.727
66.000	112.205	135.924	-23.719
67.000	111.952	135.664	-23.712
68.000	111.698	135.407	-23.709
69.000	111.444	135.149	-23.705
70.000	111.198	134.885	-23.687
71.000	110.952	134.630	-23.678
72.000	110.703	134.372	-23.669
73.000	110.454	134.107	-23.653
74.000	110.203	133.847	-23.644
75.000	109.958	133.585	-23.627
76.000	109.710	133.320	-23.610
77.000	109.459	133.054	-23.595
78.000	109.206	132.790	-23.584
79.000	108.947	132.529	-23.582
80.000	108.690	132.269	-23.579
81.000	108.430	132.010	-23.580
82.000	108.172	131.750	-23.578
83.000	107.911	131.491	-23.580
84.000	107.654	131.232	-23.578
85.000	107.397	130.967	-23.570
86.000	107.144	130.706	-23.562
87.000	106.890	130.439	-23.549
88.000	106.633	130.173	-23.540
89.000	106.375	129.904	-23.529
90.000	106.117	129.637	-23.520
91.000	105.858	129.368	-23.510
92.000	105.599	129.111	-23.512
93.000	105.337	128.836	-23.499
94.000	105.073	128.567	-23.494
95.000	104.805	128.302	-23.497
96.000	104.543	128.041	-23.498
97.000	104.281	127.778	-23.497
98.000	104.014	127.510	-23.496
99.000	103.747	127.244	-23.497
100.000	103.478	126.980	-23.502
101.000	103.217	126.705	-23.488
102.000	102.956	126.431	-23.475
103.000	102.690	126.160	-23.470
104.000	102.425	125.888	-23.463
105.000	102.160	125.612	-23.452
106.000	101.891	125.342	-23.451
107.000	101.629	125.064	-23.435
108.000	101.354	124.795	-23.441
109.000	101.081	124.525	-23.444
110.000	100.811	124.255	-23.444
111.000	100.537	123.986	-23.449
112.000	100.267	123.709	-23.442
113.000	99.999	123.439	-23.440
114.000	99.732	123.161	-23.429
115.000	99.457	122.881	-23.424
116.000	99.185	122.610	-23.425
117.000	98.914	122.335	-23.421
118.000	98.636	122.053	-23.416
119.000	98.362	121.772	-23.410
120.000	98.084	121.492	-23.408
121.000	97.806	121.203	-23.397
122.000	97.533	120.930	-23.397
123.000	97.258	120.654	-23.396
124.000	96.978	120.373	-23.395
125.000	96.699	120.100	-23.401
126.000	96.422	119.818	-23.396
127.000	96.140	119.532	-23.392
128.000	95.858	119.250	-23.392
129.000	95.574	118.970	-23.396
130.000	95.292	118.686	-23.394
131.000	95.010	118.395	-23.385
132.000	94.729	118.110	-23.381
133.000	94.443	117.820	-23.377
134.000	94.159	117.530	-23.371
135.000	93.875	117.237	-23.362
136.000	93.586	116.946	-23.360
137.000	93.296	116.664	-23.368
138.000	93.006	116.377	-23.371
139.000	92.720	116.089	-23.369
140.000	92.432	115.801	-23.369
141.000	92.142	115.512	-23.370
142.000	91.850	115.217	-23.367
143.000	91.558	114.926	-23.368
144.000	91.265	114.634	-23.369
145.000	90.970	114.332	-23.362
146.000	90.672	114.038	-23.366
147.000	90.376	113.738	-23.362
148.000	90.084	113.440	-23.356
149.000	89.789	113.134	-23.345
150.000	89.489	112.837	-23.348
151.000	89.191	112.536	-23.345
152.000	88.885	112.237	-23.352
153.000	88.581	111.941	-23.360
154.000	88.277	111.647	-23.370
155.000	87.973	111.342	-23.369
156.000	87.673	111.043	-23.370
157.000	87.374	110.742	-23.368
158.000	87.071	110.443	-23.372
159.000	86.766	110.131	-23.365
160.000	86.459	109.819	-23.360
161.000	86.147	109.512	-23.365
162.000	85.836	109.201	-23.365
163.000	85.522	108.892	-23.370
164.000	85.213	108.585	-23.372
165.000	84.903	108.280	-23.377
166.000	84.592	107.966	-23.374
167.000	84.276	107.650	-23.374
168.000	83.958	107.340	-23.382
169.000	83.641	107.024	-23.383
170.000	83.319	106.701	-23.382
171.000	82.991	106.384	-23.393
172.000	82.673	106.062	-23.389
173.000	82.353	105.738	-23.385
174.000	82.031	105.416	-23.385
175.000	81.707	105.085	-23.378
176.000	81.381	104.764	-23.383
177.000	81.051	104.440	-23.389
178.000	80.719	104.118	-23.399
179.000	80.392	103.797	-23.405
180.000	80.067	103.468	-23.401
181.000	79.739	103.140	-23.401
182.000	79.409	102.804	-23.395
183.000	79.074	102.466	-23.392
184.000	78.732	102.125	-23.393
185.000	78.388	101.786	-23.398
186.000	78.047	101.449	-23.402
187.000	77.712	101.114	-23.402
188.000	77.375	100.776	-23.401
189.000	77.034	100.432	-23.398
190.000	76.690	100.089	-23.399
191.000	76.344	99.740	-23.396
192.000	75.996	99.394	-23.397
193.000	75.650	99.039	-23.389
194.000	75.307	98.692	-23.385
195.000	74.965	98.343	-23.377
196.000	74.620	97.986	-23.367
197.000	74.270	97.632	-23.362
198.000	73.915	97.274	-23.359
199.000	73.557	96.912	-23.355
200.000	73.195	96.547	-23.352
201.000	72.835	96.184	-23.349
202.000	72.475	95.820	-23.345
203.000	72.109	95.456	-23.347
204.000	71.741	95.087	-23.347
205.000	71.370	94.715	-23.345
206.000	70.994	94.338	-23.344
207.000	70.625	93.966	-23.341
208.000	70.253	93.590	-23.338
209.000	69.876	93.214	-23.338
210.000	69.493	92.833	-23.340
211.000	69.103	92.452	-23.349
212.000	68.718	92.058	-23.340
213.000	68.332	91.672	-23.340
214.000	67.942	91.279	-23.337
215.000	67.549	90.882	-23.333
216.000	67.150	90.483	-23.333
217.000	66.753	90.076	-23.324
218.000	66.357	89.666	-23.309
219.000	65.957	89.249	-23.291
220.000	65.552	88.832	-23.280
221.000	65.142	88.419	-23.277
222.000	64.734	88.000	-23.266
223.000	64.326	87.570	-23.244
224.000	63.911	87.136	-23.225
225.000	63.490	86.698	-23.208
226.000	63.063	86.257	-23.194
227.000	62.641	85.819	-23.178
228.000	62.214	85.372	-23.158
229.000	61.781	84.916	-23.136
230.000	61.341	84.454	-23.113
231.000	60.897	83.986	-23.088
232.000	60.456	83.522	-23.066
233.000	60.009	83.052	-23.043
234.000	59.553	82.574	-23.021
235.000	59.090	82.089	-22.999
236.000	58.630	81.596	-22.966
237.000	58.165	81.107	-22.941
238.000	57.693	80.614	-22.921
239.000	57.212	80.109	-22.897
240.000	56.732	79.604	-22.872
241.000	56.251	79.091	-22.840
242.000	55.761	78.578	-22.816
243.000	55.260	78.067	-22.807
244.000	54.753	77.486	-22.733
245.000	54.244	76.950	-22.706
246.000	53.724	76.400	-22.676
247.000	53.192	75.855	-22.664
248.000	52.658	75.302	-22.644
249.000	52.119	74.732	-22.612
250.000	51.567	74.174	-22.607
251.000	51.008	73.597	-22.589
252.000	50.446	73.018	-22.572
253.000	49.870	72.418	-22.548
254.000	49.282	71.820	-22.538
255.000	48.690	71.207	-22.516
256.000	48.083	70.580	-22.498
257.000	47.462	69.951	-22.489
258.000	46.838	69.309	-22.471
259.000	46.194	68.652	-22.457
260.000	45.539	67.984	-22.445
261.000	44.876	67.305	-22.429
262.000	44.188	66.605	-22.416
263.000	43.514	65.895	-22.381
264.000	42.789	65.160	-22.371
265.000	42.044	64.409	-22.365
266.000	41.291	63.649	-22.358
267.000	40.509	62.865	-22.356
268.000	39.713	62.062	-22.349
269.000	38.877	61.224	-22.346
270.000	38.022	60.363	-22.341
271.000	37.127	59.478	-22.351
272.000	36.195	58.539	-22.343
273.000	35.223	57.596	-22.372
274.000	34.196	56.586	-22.390
275.000	33.130	55.550	-22.421
276.000	31.999	54.449	-22.450
277.000	30.800	53.301	-22.501
278.000	29.526	52.087	-22.561
279.000	28.172	50.781	-22.609
280.000	26.727	49.394	-22.667
281.000	25.187	47.890	-22.702
282.000	23.555	46.258	-22.702
283.000	21.856	44.468	-22.612
284.000	20.168	42.505	-22.337
285.000	18.558	40.352	-21.794
286.000	17.107	37.990	-20.884
287.000	15.847	35.428	-19.581
288.000	14.773	32.677	-17.904
289.000	13.862	29.826	-15.964
290.000	13.073	27.013	-13.940
291.000	12.389	24.444	-12.055
292.000	11.782	22.333	-10.551
293.000	11.242	20.740	-9.498
294.000	10.762	19.542	-8.781
295.000	10.336	18.633	-8.297
296.000	9.961	17.905	-7.943
297.000	9.635	17.299	-7.664
298.000	9.354	16.772	-7.418
299.000	9.101	16.324	-7.223
300.000	8.867	15.937	-7.071
301.000	8.660	15.589	-6.928
302.000	8.476	15.269	-6.793
303.000	8.319	14.973	-6.654
304.000	8.179	14.705	-6.526
305.000	8.052	14.460	-6.408
306.000	7.942	14.243	-6.301
307.000	7.838	14.035	-6.197
308.000	7.740	13.852	-6.111
309.000	7.651	13.689	-6.038
310.000	7.561	13.536	-5.975
311.000	7.473	13.397	-5.925
312.000	7.383	13.270	-5.886
313.000	7.295	13.155	-5.861
314.000	7.213	13.036	-5.824
315.000	7.133	12.926	-5.793
316.000	7.058	12.822	-5.763
317.000	6.988	12.715	-5.727
318.000	6.925	12.612	-5.687
319.000	6.864	12.515	-5.651
320.000	6.808	12.416	-5.608
321.000	6.758	12.324	-5.566
322.000	6.710	12.238	-5.527
323.000	6.665	12.148	-5.484
324.000	6.625	12.067	-5.442
325.000	6.587	11.979	-5.393
326.000	6.552	11.906	-5.354
327.000	6.520	11.832	-5.313
328.000	6.489	11.766	-5.277
329.000	6.461	11.700	-5.240
330.000	6.434	11.637	-5.203
331.000	6.407	11.572	-5.164
332.000	6.383	11.511	-5.128
333.000	6.360	11.462	-5.102
334.000	6.337	11.400	-5.063
335.000	6.316	11.348	-5.032
336.000	6.295	11.301	-5.006
337.000	6.275	11.255	-4.980
338.000	6.255	11.208	-4.953
339.000	6.239	11.168	-4.930
340.000	6.222	11.119	-4.897
341.000	6.207	11.081	-4.874
342.000	6.191	11.039	-4.849
343.000	6.175	10.999	-4.824
344.000	6.159	10.963	-4.804
345.000	6.145	10.928	-4.783
346.000	6.130	10.892	-4.762
347.000	6.117	10.856	-4.739
348.000	6.103	10.825	-4.722
349.000	6.090	10.792	-4.702
350.000	6.077	10.764	-4.686
351.000	6.066	10.731	-4.666
352.000	6.054	10.703	-4.649
353.000	6.042	10.672	-4.631
354.000	6.030	10.643	-4.613
355.000	6.020	10.614	-4.594
356.000	6.009	10.587	-4.578
357.000	5.997	10.559	-4.562
358.000	5.987	10.532	-4.546
359.000	5.976	10.505	-4.529
360.000	5.966	10.482	-4.516
361.000	5.956	10.458	-4.502
362.000	5.945	10.432	-4.487
363.000	5.936	10.411	-4.475
364.000	5.926	10.386	-4.459
365.000	5.916	10.365	-4.448
366.000	5.907	10.348	-4.441
367.000	5.898	10.322	-4.425
368.000	5.890	10.299	-4.410
369.000	5.881	10.277	-4.396
370.000	5.873	10.259	-4.385
371.000	5.866	10.238	-4.372
372.000	5.858	10.215	-4.357
373.000	5.850	10.197	-4.347
374.000	5.842	10.177	-4.335
375.000	5.835	10.158	-4.323
376.000	5.828	10.135	-4.307
377.000	5.820	10.119	-4.299
378.000	5.813	10.103	-4.289
379.000	5.806	10.081	-4.275
380.000	5.799	10.062	-4.263
381.000	5.792	10.043	-4.251
382.000	5.786	10.030	-4.244
383.000	5.779	10.012	-4.233
384.000	5.773	9.995	-4.223
385.000	5.766	9.978	-4.212
386.000	5.759	9.963	-4.203
387.000	5.753	9.943	-4.190
388.000	5.747	9.932	-4.185
389.000	5.741	9.917	-4.176
390.000	5.734	9.900	-4.165
391.000	5.729	9.886	-4.158
392.000	5.723	9.873	-4.150
393.000	5.717	9.855	-4.138
394.000	5.711	9.839	-4.128
395.000	5.705	9.828	-4.123
396.000	5.699	9.812	-4.113
397.000	5.693	9.800	-4.106
398.000	5.688	9.784	-4.096
399.000	5.682	9.770	-4.087
400.000	5.677	9.756	-4.079
401.000	5.671	9.742	-4.071
402.000	5.666	9.728	-4.062
403.000	5.661	9.715	-4.054
404.000	5.656	9.700	-4.044
405.000	5.651	9.689	-4.038
406.000	5.646	9.676	-4.030
407.000	5.641	9.664	-4.023
408.000	5.636	9.651	-4.014
409.000	5.631	9.637	-4.006
410.000	5.626	9.627	-4.002
411.000	5.620	9.614	-3.993
412.000	5.615	9.598	-3.983
413.000	5.611	9.591	-3.980
414.000	5.606	9.577	-3.972
415.000	5.601	9.570	-3.969
416.000	5.596	9.557	-3.961
417.000	5.592	9.543	-3.952
418.000	5.587	9.536	-3.949
419.000	5.583	9.524	-3.941
420.000	5.579	9.512	-3.933
421.000	5.575	9.503	-3.927
422.000	5.571	9.491	-3.920
423.000	5.567	9.479	-3.913
424.000	5.563	9.467	-3.905
425.000	5.559	9.458	-3.899
426.000	5.555	9.447	-3.892
427.000	5.551	9.437	-3.887
428.000	5.547	9.426	-3.879
429.000	5.543	9.417	-3.874
430.000	5.539	9.407	-3.868
431.000	5.536	9.399	-3.864
432.000	5.532	9.386	-3.854
433.000	5.529	9.380	-3.851
434.000	5.525	9.368	-3.843
435.000	5.521	9.360	-3.839
436.000	5.518	9.350	-3.832
437.000	5.514	9.340	-3.825
438.000	5.511	9.332	-3.821
439.000	5.507	9.322	-3.815
440.000	5.504	9.311	-3.807
441.000	5.500	9.304	-3.804
442.000	5.497	9.294	-3.797
443.000	5.493	9.284	-3.791
444.000	5.490	9.276	-3.786
445.000	5.486	9.268	-3.781
446.000	5.483	9.259	-3.776
447.000	5.479	9.248	-3.769
448.000	5.476	9.242	-3.765
449.000	5.473	9.235	-3.762
450.000	5.470	9.223	-3.753
451.000	5.467	9.214	-3.748
452.000	5.464	9.207	-3.744
453.000	5.460	9.198	-3.737
454.000	5.457	9.191	-3.734
455.000	5.454	9.181	-3.727
456.000	5.451	9.175	-3.724
457.000	5.448	9.168	-3.719
458.000	5.445	9.157	-3.712
459.000	5.442	9.149	-3.706
460.000	5.439	9.145	-3.706
461.000	5.436	9.137	-3.701
462.000	5.433	9.127	-3.694
463.000	5.431	9.122	-3.691
464.000	5.428	9.114	-3.686
465.000	5.426	9.106	-3.680
466.000	5.423	9.100	-3.677
467.000	5.420	9.096	-3.676
468.000	5.418	9.087	-3.669
469.000	5.415	9.075	-3.660
470.000	5.412	9.070	-3.657
471.000	5.410	9.064	-3.654
472.000	5.407	9.053	-3.646
473.000	5.405	9.046	-3.642
474.000	5.402	9.042	-3.640
475.000	5.399	9.035	-3.636
476.000	5.396	9.028	-3.632
477.000	5.393	9.020	-3.626
478.000	5.391	9.014	-3.623
479.000	5.388	9.007	-3.619
480.000	5.386	9.000	-3.614
481.000	5.383	8.996	-3.613
482.000	5.381	8.984	-3.603
483.000	5.378	8.982	-3.603
484.000	5.376	8.975	-3.600
485.000	5.373	8.968	-3.595
486.000	5.371	8.960	-3.589
487.000	5.368	8.955	-3.587
488.000	5.366	8.950	-3.584
489.000	5.363	8.941	-3.577
490.000	5.361	8.936	-3.575
491.000	5.359	8.928	-3.569
492.000	5.357	8.922	-3.565
493.000	5.354	8.913	-3.559
494.000	5.351	8.909	-3.558
495.000	5.349	8.902	-3.553
496.000	5.347	8.896	-3.550
497.000	5.345	8.888	-3.544
498.000	5.343	8.882	-3.539
499.000	5.340	8.876	-3.536
500.000	5.338	8.869	-3.531
501.000	5.336	8.863	-3.527
502.000	5.333	8.858	-3.525
503.000	5.331	8.851	-3.520
504.000	5.328	8.846	-3.518
505.000	5.326	8.839	-3.513
506.000	5.324	8.835	-3.511
507.000	5.322	8.827	-3.505
508.000	5.319	8.821	-3.502
509.000	5.317	8.813	-3.496
510.000	5.315	8.810	-3.495
511.000	5.313	8.802	-3.489
512.000	5.311	8.797	-3.487
513.000	5.308	8.791	-3.483
514.000	5.306	8.786	-3.481
515.000	5.303	8.781	-3.478
516.000	5.301	8.774	-3.473
517.000	5.299	8.773	-3.474
518.000	5.296	8.766	-3.470
519.000	5.294	8.760	-3.466
520.000	5.292	8.752	-3.460
521.000	5.290	8.748	-3.458
522.000	5.288	8.744	-3.456
523.000	5.286	8.738	-3.452
524.000	5.284	8.735	-3.451
525.000	5.282	8.727	-3.445
526.000	5.280	8.721	-3.442
527.000	5.279	8.717	-3.438
528.000	5.276	8.714	-3.438
529.000	5.276	8.708	-3.432
530.000	5.272	8.700	-3.428
531.000	5.271	8.695	-3.424
532.000	5.269	8.691	-3.422
533.000	5.267	8.687	-3.421
534.000	5.266	8.679	-3.413
535.000	5.264	8.674	-3.410
536.000	5.262	8.671	-3.409
537.000	5.261	8.663	-3.402
538.000	5.260	8.659	-3.400
539.000	5.258	8.654	-3.397
540.000	5.256	8.648	-3.392
541.000	5.254	8.645	-3.391
542.000	5.252	8.641	-3.389
543.000	5.250	8.635	-3.385
544.000	5.248	8.631	-3.383
545.000	5.246	8.625	-3.379
546.000	5.244	8.620	-3.375
547.000	5.243	8.616	-3.373
548.000	5.241	8.610	-3.369
549.000	5.239	8.604	-3.365
550.000	5.238	8.600	-3.362
551.000	5.236	8.595	-3.359
552.000	5.234	8.588	-3.354
553.000	5.232	8.585	-3.353
554.000	5.231	8.581	-3.350
555.000	5.229	8.575	-3.346
556.000	5.227	8.572	-3.345
557.000	5.225	8.568	-3.343
558.000	5.224	8.562	-3.339
559.000	5.221	8.557	-3.335
560.000	5.220	8.553	-3.333
561.000	5.218	8.546	-3.329
562.000	5.216	8.545	-3.329
563.000	5.214	8.542	-3.328
564.000	5.212	8.534	-3.322
565.000	5.210	8.530	-3.320
566.000	5.209	8.525	-3.317
567.000	5.207	8.520	-3.314
568.000	5.205	8.515	-3.311
569.000	5.203	8.512	-3.309
570.000	5.202	8.507	-3.306
571.000	5.200	8.502	-3.302
572.000	5.198	8.499	-3.301
573.000	5.197	8.494	-3.297
574.000	5.195	8.488	-3.293
575.000	5.193	8.483	-3.290
576.000	5.192	8.482	-3.290
577.000	5.190	8.475	-3.284
578.000	5.189	8.470	-3.281
579.000	5.187	8.466	-3.279
580.000	5.186	8.462	-3.277
581.000	5.184	8.457	-3.273
582.000	5.182	8.450	-3.268
583.000	5.180	8.447	-3.267
584.000	5.179	8.445	-3.267
585.000	5.177	8.439	-3.261
586.000	5.176	8.434	-3.259
587.000	5.174	8.430	-3.256
588.000	5.172	8.425	-3.253
589.000	5.170	8.421	-3.250
590.000	5.169	8.416	-3.247
591.000	5.167	8.414	-3.247
592.000	5.165	8.408	-3.242
593.000	5.163	8.402	-3.239
594.000	5.161	8.399	-3.238
595.000	5.160	8.394	-3.233
596.000	5.159	8.388	-3.229
597.000	5.157	8.388	-3.231
598.000	5.156	8.382	-3.226
599.000	5.154	8.378	-3.224
600.000	5.153	8.374	-3.221
601.000	5.151	8.371	-3.220
602.000	5.149	8.365	-3.215
603.000	5.148	8.362	-3.214
604.000	5.147	8.358	-3.212
605.000	5.145	8.355	-3.210
606.000	5.144	8.351	-3.208
607.000	5.142	8.347	-3.205
608.000	5.141	8.343	-3.202
609.000	5.139	8.338	-3.199
610.000	5.137	8.335	-3.198
611.000	5.136	8.331	-3.195
612.000	5.134	8.325	-3.191
613.000	5.133	8.321	-3.188
614.000	5.131	8.317	-3.186
615.000	5.130	8.315	-3.185
616.000	5.128	8.309	-3.181
617.000	5.127	8.304	-3.177
618.000	5.126	8.304	-3.178
619.000	5.124	8.297	-3.173
620.000	5.122	8.294	-3.172
621.000	5.121	8.290	-3.169
622.000	5.119	8.287	-3.168
623.000	5.118	8.281	-3.163
624.000	5.117	8.276	-3.159
625.000	5.115	8.274	-3.158
626.000	5.114	8.269	-3.155
627.000	5.112	8.266	-3.154
628.000	5.111	8.261	-3.151
629.000	5.109	8.257	-3.148
630.000	5.108	8.254	-3.146
631.000	5.106	8.250	-3.143
632.000	5.105	8.242	-3.137
633.000	5.104	8.239	-3.135
634.000	5.102	8.236	-3.134
635.000	5.101	8.232	-3.131
636.000	5.099	8.230	-3.131
637.000	5.098	8.226	-3.128
638.000	5.096	8.219	-3.123
639.000	5.095	8.217	-3.122
640.000	5.094	8.211	-3.118
641.000	5.092	8.207	-3.115
642.000	5.090	8.206	-3.115
643.000	5.089	8.200	-3.111
644.000	5.088	8.197	-3.109
645.000	5.087	8.195	-3.108
646.000	5.086	8.189	-3.103
647.000	5.084	8.186	-3.102
648.000	5.083	8.181	-3.098
649.000	5.081	8.178	-3.097
650.000	5.079	8.175	-3.095
651.000	5.078	8.169	-3.091
652.000	5.076	8.166	-3.090
653.000	5.075	8.161	-3.086
654.000	5.074	8.159	-3.085
655.000	5.072	8.155	-3.083
656.000	5.071	8.151	-3.080
657.000	5.069	8.146	-3.077
658.000	5.068	8.144	-3.076
659.000	5.066	8.137	-3.071
660.000	5.065	8.135	-3.070
661.000	5.064	8.132	-3.068
662.000	5.062	8.127	-3.065
663.000	5.061	8.122	-3.061
664.000	5.060	8.121	-3.061
665.000	5.058	8.116	-3.058
666.000	5.056	8.112	-3.056
667.000	5.054	8.110	-3.056
668.000	5.053	8.106	-3.053
669.000	5.051	8.102	-3.051
670.000	5.050	8.099	-3.049
671.000	5.048	8.092	-3.044
672.000	5.046	8.089	-3.042
673.000	5.046	8.086	-3.040
674.000	5.045	8.082	-3.037
675.000	5.043	8.078	-3.034
676.000	5.042	8.073	-3.031
677.000	5.041	8.070	-3.029
678.000	5.040	8.066	-3.026
679.000	5.039	8.060	-3.021
680.000	5.037	8.061	-3.024
681.000	5.036	8.055	-3.019
682.000	5.035	8.050	-3.015
683.000	5.033	8.047	-3.014
684.000	5.032	8.043	-3.011
685.000	5.031	8.037	-3.006
686.000	5.030	8.035	-3.005
687.000	5.029	8.036	-3.007
688.000	5.028	8.028	-3.000
689.000	5.027	8.025	-2.999
690.000	5.026	8.019	-2.994
691.000	5.024	8.017	-2.993
692.000	5.024	8.013	-2.989
693.000	5.022	8.008	-2.986
694.000	5.021	8.006	-2.985
695.000	5.019	8.002	-2.982
696.000	5.018	7.999	-2.981
697.000	5.016	7.994	-2.978
698.000	5.015	7.992	-2.977
699.000	5.014	7.986	-2.972
700.000	5.012	7.982	-2.970
701.000	5.011	7.981	-2.970
702.000	5.010	7.976	-2.966
703.000	5.008	7.973	-2.965
704.000	5.007	7.970	-2.963
705.000	5.006	7.966	-2.960
706.000	5.005	7.962	-2.957
707.000	5.004	7.958	-2.954
708.000	5.003	7.955	-2.952
709.000	5.002	7.952	-2.950
710.000	5.001	7.947	-2.946
711.000	5.000	7.945	-2.945
712.000	4.999	7.941	-2.942
713.000	4.998	7.937	-2.939
714.000	4.996	7.936	-2.940
715.000	4.995	7.929	-2.934
716.000	4.994	7.927	-2.933
717.000	4.992	7.922	-2.929
718.000	4.991	7.920	-2.928
719.000	4.990	7.916	-2.926
720.000	4.988	7.912	-2.924
721.000	4.987	7.908	-2.921
722.000	4.986	7.905	-2.920
723.000	4.984	7.902	-2.918
724.000	4.983	7.897	-2.914
725.000	4.982	7.894	-2.912
726.000	4.981	7.891	-2.911
727.000	4.979	7.889	-2.910
728.000	4.978	7.884	-2.906
729.000	4.976	7.880	-2.904
730.000	4.975	7.877	-2.902
731.000	4.974	7.872	-2.898
732.000	4.973	7.870	-2.897
733.000	4.970	7.867	-2.896
734.000	4.971	7.862	-2.891
735.000	4.969	7.860	-2.891
736.000	4.968	7.856	-2.888
737.000	4.965	7.853	-2.888
738.000	4.964	7.849	-2.886
739.000	4.965	7.846	-2.882
740.000	4.962	7.843	-2.881
741.000	4.963	7.838	-2.875
742.000	4.959	7.836	-2.876
743.000	4.958	7.833	-2.874
744.000	4.957	7.831	-2.874
745.000	4.958	7.825	-2.867
746.000	4.955	7.822	-2.867
747.000	4.953	7.819	-2.866
748.000	4.952	7.815	-2.863
749.000	4.950	7.813	-2.863
750.000	4.949	7.808	-2.859
751.000	4.947	7.809	-2.862
752.000	4.946	7.802	-2.856
753.000	4.944	7.798	-2.854
754.000	4.943	7.795	-2.852
755.000	4.941	7.789	-2.848
756.000	4.941	7.789	-2.848
757.000	4.940	7.783	-2.844
758.000	4.939	7.778	-2.839
759.000	4.937	7.780	-2.842
760.000	4.936	7.777	-2.841
761.000	4.935	7.772	-2.837
762.000	4.934	7.767	-2.834
763.000	4.932	7.764	-2.832
764.000	4.931	7.762	-2.832
765.000	4.929	7.759	-2.830
766.000	4.928	7.753	-2.825
767.000	4.927	7.751	-2.824
768.000	4.927	7.748	-2.821
769.000	4.926	7.745	-2.820
770.000	4.924	7.743	-2.819
771.000	4.923	7.739	-2.816
772.000	4.921	7.736	-2.814
773.000	4.920	7.730	-2.810
774.000	4.919	7.727	-2.808
775.000	4.918	7.721	-2.803
776.000	4.917	7.721	-2.804
777.000	4.916	7.717	-2.801
778.000	4.916	7.716	-2.800
779.000	4.915	7.711	-2.796
780.000	4.914	7.706	-2.792
781.000	4.913	7.703	-2.790
782.000	4.911	7.699	-2.788
783.000	4.910	7.699	-2.789
784.000	4.909	7.692	-2.783
785.000	4.909	7.687	-2.779
786.000	4.908	7.686	-2.778
787.000	4.907	7.682	-2.775
788.000	4.906	7.678	-2.772
789.000	4.905	7.675	-2.770
790.000	4.904	7.671	-2.768
791.000	4.902	7.669	-2.767
792.000	4.901	7.664	-2.763
793.000	4.900	7.660	-2.760
794.000	4.899	7.659	-2.760
795.000	4.898	7.656	-2.758
796.000	4.897	7.653	-2.755
797.000	4.896	7.647	-2.751
798.000	4.895	7.645	-2.749
799.000	4.894	7.643	-2.749
800.000	4.893	7.640	-2.747
801.000	4.892	7.635	-2.743
802.000	4.891	7.632	-2.742
803.000	4.890	7.630	-2.740
804.000	4.889	7.626	-2.736
805.000	4.888	7.623	-2.735
806.000	4.886	7.620	-2.733
807.000	4.885	7.619	-2.734
808.000	4.884	7.615	-2.732
809.000	4.883	7.610	-2.727
810.000	4.882	7.607	-2.726
811.000	4.881	7.605	-2.724
812.000	4.880	7.599	-2.719
813.000	4.879	7.598	-2.719
814.000	4.878	7.596	-2.718
815.000	4.877	7.593	-2.716
816.000	4.875	7.588	-2.713
817.000	4.874	7.587	-2.712
818.000	4.873	7.584	-2.711
819.000	4.872	7.582	-2.711
820.000	4.871	7.578	-2.707
821.000	4.870	7.574	-2.705
822.000	4.869	7.571	-2.703
823.000	4.868	7.568	-2.700
824.000	4.867	7.564	-2.697
825.000	4.866	7.561	-2.694
826.000	4.865	7.557	-2.692
827.000	4.864	7.554	-2.691
828.000	4.863	7.554	-2.691
829.000	4.862	7.549	-2.687
830.000	4.860	7.547	-2.687
831.000	4.859	7.544	-2.685
832.000	4.858	7.541	-2.683
833.000	4.856	7.537	-2.680
834.000	4.855	7.533	-2.678
835.000	4.854	7.531	-2.677
836.000	4.852	7.529	-2.677
837.000	4.852	7.524	-2.672
838.000	4.851	7.521	-2.671
839.000	4.850	7.521	-2.671
840.000	4.849	7.518	-2.669
841.000	4.848	7.514	-2.666
842.000	4.846	7.512	-2.665
843.000	4.845	7.508	-2.663
844.000	4.843	7.505	-2.661
845.000	4.842	7.503	-2.662
846.000	4.840	7.500	-2.659
847.000	4.839	7.496	-2.657
848.000	4.838	7.494	-2.655
849.000	4.837	7.491	-2.654
850.000	4.836	7.488	-2.652
851.000	4.834	7.484	-2.650
852.000	4.833	7.482	-2.649
853.000	4.831	7.479	-2.648
854.000	4.829	7.477	-2.648
855.000	4.828	7.474	-2.646
856.000	4.827	7.471	-2.644
857.000	4.826	7.468	-2.642
858.000	4.825	7.465	-2.640
859.000	4.824	7.461	-2.637
860.000	4.823	7.458	-2.635
861.000	4.822	7.456	-2.635
862.000	4.820	7.452	-2.632
863.000	4.819	7.450	-2.631
864.000	4.817	7.447	-2.630
865.000	4.817	7.442	-2.625
866.000	4.816	7.437	-2.621
867.000	4.815	7.435	-2.620
868.000	4.815	7.435	-2.620
869.000	4.814	7.428	-2.614
870.000	4.813	7.426	-2.613
871.000	4.812	7.423	-2.612
872.000	4.811	7.422	-2.612
873.000	4.809	7.419	-2.609
874.000	4.808	7.413	-2.605
875.000	4.807	7.413	-2.606
876.000	4.806	7.409	-2.603
877.000	4.805	7.408	-2.603
878.000	4.804	7.402	-2.598
879.000	4.804	7.400	-2.596
880.000	4.803	7.396	-2.593
881.000	4.803	7.396	-2.593
882.000	4.801	7.393	-2.591
883.000	4.801	7.389	-2.588
884.000	4.799	7.386	-2.586
885.000	4.798	7.380	-2.582
886.000	4.797	7.381	-2.584
887.000	4.796	7.378	-2.582
888.000	4.795	7.373	-2.578
889.000	4.794	7.371	-2.577
890.000	4.794	7.367	-2.573
891.000	4.793	7.363	-2.570
892.000	4.793	7.360	-2.568
893.000	4.791	7.358	-2.567
894.000	4.790	7.357	-2.567
895.000	4.790	7.351	-2.561
896.000	4.789	7.349	-2.560
897.000	4.787	7.347	-2.559
898.000	4.786	7.344	-2.558
899.000	4.785	7.342	-2.557
900.000	4.784	7.339	-2.556
901.000	4.783	7.336	-2.553
902.000	4.782	7.332	-2.550
903.000	4.781	7.329	-2.548
904.000	4.780	7.328	-2.547
905.000	4.780	7.327	-2.547
906.000	4.779	7.321	-2.542
907.000	4.778	7.317	-2.539
908.000	4.777	7.316	-2.538
909.000	4.776	7.313	-2.536
910.000	4.776	7.310	-2.535
911.000	4.775	7.308	-2.533
912.000	4.774	7.304	-2.530
913.000	4.773	7.301	-2.528
914.000	4.772	7.298	-2.525
915.000	4.771	7.297	-2.526
916.000	4.770	7.293	-2.523
917.000	4.769	7.290	-2.521
918.000	4.768	7.289	-2.521
919.000	4.767	7.285	-2.518
920.000	4.766	7.284	-2.518
921.000	4.765	7.278	-2.513
922.000	4.764	7.278	-2.514
923.000	4.763	7.278	-2.514
924.000	4.763	7.274	-2.511
925.000	4.762	7.270	-2.508
926.000	4.761	7.268	-2.507
927.000	4.760	7.265	-2.506
928.000	4.759	7.264	-2.505
929.000	4.758	7.259	-2.502
930.000	4.756	7.259	-2.502
931.000	4.755	7.253	-2.497
932.000	4.754	7.251	-2.497
933.000	4.753	7.246	-2.493
934.000	4.753	7.246	-2.493
935.000	4.752	7.244	-2.493
936.000	4.751	7.240	-2.489
937.000	4.750	7.239	-2.488
938.000	4.750	7.234	-2.485
939.000	4.749	7.231	-2.482
940.000	4.748	7.231	-2.482
941.000	4.747	7.229	-2.482
942.000	4.746	7.226	-2.479
943.000	4.745	7.223	-2.478
944.000	4.744	7.219	-2.475
945.000	4.743	7.216	-2.474
946.000	4.742	7.216	-2.474
947.000	4.741	7.212	-2.471
948.000	4.740	7.212	-2.471
949.000	4.739	7.207	-2.468
950.000	4.738	7.203	-2.465
951.000	4.738	7.203	-2.465
952.000	4.737	7.201	-2.464
953.000	4.736	7.199	-2.463
954.000	4.734	7.194	-2.460
955.000	4.733	7.193	-2.460
956.000	4.732	7.190	-2.458
957.000	4.732	7.189	-2.457
958.000	4.731	7.185	-2.455
959.000	4.729	7.184	-2.455
960.000	4.727	7.181	-2.454
961.000	4.726	7.179	-2.453
962.000	4.725	7.175	-2.450
963.000	4.724	7.175	-2.451
964.000	4.722	7.171	-2.449
965.000	4.722	7.169	-2.447
966.000	4.722	7.166	-2.445
967.000	4.721	7.163	-2.443
968.000	4.719	7.164	-2.444
969.000	4.718	7.159	-2.441
970.000	4.716	7.156	-2.439
971.000	4.715	7.155	-2.440
972.000	4.714	7.153	-2.438
973.000	4.713	7.151	-2.438
974.000	4.712	7.148	-2.436
975.000	4.712	7.146	-2.435
976.000	4.711	7.143	-2.432
977.000	4.710	7.142	-2.432
978.000	4.709	7.140	-2.431
979.000	4.708	7.135	-2.427
980.000	4.707	7.134	-2.427
981.000	4.706	7.131	-2.425
982.000	4.705	7.129	-2.425
983.000	4.704	7.128	-2.424
984.000	4.703	7.124	-2.421
985.000	4.702	7.121	-2.419
986.000	4.702	7.120	-2.418
987.000	4.701	7.116	-2.416
988.000	4.700	7.115	-2.415
989.000	4.700	7.115	-2.415
990.000	4.699	7.109	-2.410
991.000	4.698	7.107	-2.409
992.000	4.697	7.105	-2.408
993.000	4.697	7.103	-2.406
994.000	4.696	7.100	-2.404
995.000	4.695	7.100	-2.405
996.000	4.694	7.096	-2.401
997.000	4.694	7.094	-2.400
998.000	4.693	7.090	-2.397
999.000	4.693	7.088	-2.395
1000.000	4.693	7.085	-2.392
1001.000	4.692	7.082	-2.390
1002.000	4.691	7.079	-2.388
1003.000	4.691	7.078	-2.388
1004.000	4.690	7.075	-2.385
1005.000	4.689	7.072	-2.383
1006.000	4.687	7.070	-2.382
1007.000	4.686	7.069	-2.382
1008.000	4.686	7.066	-2.381
1009.000	4.685	7.063	-2.378
1010.000	4.685	7.061	-2.376
1011.000	4.684	7.059	-2.375
1012.000	4.684	7.056	-2.372
1013.000	4.683	7.052	-2.369
1014.000	4.682	7.050	-2.368
1015.000	4.682	7.050	-2.367
1016.000	4.681	7.045	-2.364
1017.000	4.681	7.045	-2.364
1018.000	4.680	7.042	-2.362
1019.000	4.679	7.040	-2.361
1020.000	4.678	7.036	-2.357
1021.000	4.678	7.034	-2.356
1022.000	4.677	7.033	-2.356
1023.000	4.676	7.029	-2.353
1024.000	4.676	7.029	-2.353
1025.000	4.675	7.024	-2.349
1026.000	4.674	7.022	-2.348
1027.000	4.673	7.020	-2.347
1028.000	4.673	7.018	-2.346
1029.000	4.672	7.016	-2.344
1030.000	4.672	7.013	-2.342
1031.000	4.671	7.011	-2.340
1032.000	4.670	7.011	-2.340
1033.000	4.670	7.006	-2.336
1034.000	4.669	7.005	-2.336
1035.000	4.668	7.001	-2.333
1036.000	4.668	7.001	-2.333
1037.000	4.667	6.997	-2.330
1038.000	4.666	6.996	-2.330
1039.000	4.665	6.993	-2.328
1040.000	4.665	6.990	-2.325
1041.000	4.664	6.990	-2.326
1042.000	4.663	6.987	-2.324
1043.000	4.662	6.985	-2.323
1044.000	4.661	6.983	-2.322
1045.000	4.660	6.981	-2.321
1046.000	4.660	6.978	-2.318
1047.000	4.659	6.975	-2.316
1048.000	4.658	6.974	-2.316
1049.000	4.658	6.970	-2.312
1050.000	4.657	6.968	-2.311
1051.000	4.657	6.965	-2.309
1052.000	4.656	6.965	-2.309
1053.000	4.655	6.962	-2.307
1054.000	4.654	6.959	-2.304
1055.000	4.654	6.957	-2.304
1056.000	4.653	6.957	-2.304
1057.000	4.652	6.952	-2.300
1058.000	4.651	6.950	-2.299
1059.000	4.650	6.950	-2.300
1060.000	4.650	6.946	-2.295
1061.000	4.649	6.945	-2.296
1062.000	4.649	6.942	-2.293
1063.000	4.648	6.941	-2.293
1064.000	4.647	6.938	-2.291
1065.000	4.647	6.937	-2.291
1066.000	4.646	6.934	-2.288
1067.000	4.646	6.932	-2.286
1068.000	4.645	6.929	-2.284
1069.000	4.644	6.928	-2.284
1070.000	4.644	6.926	-2.283
1071.000	4.643	6.922	-2.280
1072.000	4.642	6.922	-2.280
1073.000	4.642	6.922	-2.280
1074.000	4.641	6.920	-2.279
1075.000	4.640	6.918	-2.277
1076.000	4.640	6.914	-2.275
1077.000	4.639	6.912	-2.272
1078.000	4.638	6.912	-2.274
1079.000	4.638	6.909	-2.271
1080.000	4.637	6.905	-2.268
1081.000	4.636	6.904	-2.268
1082.000	4.636	6.903	-2.267
1083.000	4.635	6.902	-2.268
1084.000	4.634	6.899	-2.265
1085.000	4.633	6.896	-2.263
1086.000	4.633	6.895	-2.262
1087.000	4.632	6.895	-2.262
1088.000	4.631	6.892	-2.260
1089.000	4.631	6.890	-2.259
1090.000	4.631	6.886	-2.255
1091.000	4.630	6.886	-2.256
1092.000	4.630	6.882	-2.252
1093.000	4.629	6.881	-2.252
1094.000	4.628	6.878	-2.250
1095.000	4.628	6.877	-2.250
1096.000	4.627	6.877	-2.250
1097.000	4.626	6.874	-2.248
1098.000	4.626	6.872	-2.246
1099.000	4.625	6.871	-2.246
1100.000	4.624	6.868	-2.244
1101.000	4.623	6.866	-2.243
1102.000	4.622	6.865	-2.243
1103.000	4.621	6.863	-2.242
1104.000	4.620	6.862	-2.242
1105.000	4.620	6.858	-2.238
1106.000	4.620	6.858	-2.238
1107.000	4.619	6.856	-2.236
1108.000	4.619	6.853	-2.234
1109.000	4.618	6.852	-2.234
1110.000	4.617	6.849	-2.231
1111.000	4.617	6.848	-2.231
1112.000	4.616	6.847	-2.231
1113.000	4.615	6.844	-2.229
1114.000	4.615	6.843	-2.229
1115.000	4.614	6.840	-2.226
1116.000	4.613	6.839	-2.226
1117.000	4.612	6.836	-2.223
1118.000	4.612	6.836	-2.224
1119.000	4.611	6.832	-2.221
1120.000	4.611	6.831	-2.221
1121.000	4.611	6.827	-2.216
1122.000	4.611	6.827	-2.216
1123.000	4.610	6.826	-2.215
1124.000	4.610	6.823	-2.213
1125.000	4.610	6.821	-2.211
1126.000	4.609	6.819	-2.210
1127.000	4.609	6.816	-2.208
1128.000	4.608	6.816	-2.208
1129.000	4.607	6.815	-2.208
1130.000	4.607	6.811	-2.205
1131.000	4.606	6.811	-2.205
1132.000	4.605	6.809	-2.203
1133.000	4.604	6.808	-2.203
1134.000	4.604	6.805	-2.201
1135.000	4.603	6.804	-2.201
1136.000	4.602	6.802	-2.200
1137.000	4.602	6.799	-2.197
1138.000	4.601	6.800	-2.199
1139.000	4.600	6.796	-2.195
1140.000	4.600	6.794	-2.194
1141.000	4.599	6.793	-2.194
1142.000	4.599	6.792	-2.193
1143.000	4.599	6.791	-2.192
1144.000	4.598	6.789	-2.191
1145.000	4.598	6.787	-2.189
1146.000	4.597	6.786	-2.188
1147.000	4.597	6.783	-2.186
1148.000	4.597	6.780	-2.184
1149.000	4.596	6.779	-2.183
1150.000	4.595	6.777	-2.182
1151.000	4.594	6.775	-2.181
1152.000	4.594	6.775	-2.181
1153.000	4.593	6.772	-2.179
1154.000	4.593	6.770	-2.177
1155.000	4.592	6.769	-2.176
1156.000	4.591	6.768	-2.176
1157.000	4.591	6.765	-2.174
1158.000	4.590	6.763	-2.173
1159.000	4.590	6.761	-2.172
1160.000	4.590	6.762	-2.172
1161.000	4.590	6.758	-2.168
1162.000	4.589	6.755	-2.166
1163.000	4.589	6.754	-2.165
1164.000	4.588	6.754	-2.166
1165.000	4.588	6.752	-2.164
1166.000	4.587	6.750	-2.163
1167.000	4.586	6.748	-2.162
1168.000	4.586	6.747	-2.161
1169.000	4.585	6.745	-2.160
1170.000	4.584	6.741	-2.157
1171.000	4.583	6.743	-2.160
1172.000	4.582	6.740	-2.158
1173.000	4.582	6.740	-2.159
1174.000	4.582	6.737	-2.155
1175.000	4.581	6.736	-2.155
1176.000	4.580	6.732	-2.152
1177.000	4.580	6.731	-2.152
1178.000	4.579	6.729	-2.150
1179.000	4.579	6.729	-2.151
1180.000	4.578	6.728	-2.149
1181.000	4.578	6.724	-2.146
1182.000	4.578	6.723	-2.145
1183.000	4.577	6.722	-2.145
1184.000	4.577	6.722	-2.145
1185.000	4.576	6.718	-2.142
1186.000	4.576	6.716	-2.140
1187.000	4.576	6.716	-2.140
1188.000	4.575	6.713	-2.139
1189.000	4.574	6.712	-2.138
1190.000	4.574	6.711	-2.137
1191.000	4.573	6.706	-2.133
1192.000	4.573	6.707	-2.134
1193.000	4.572	6.706	-2.134
1194.000	4.572	6.704	-2.132
1195.000	4.572	6.703	-2.131
1196.000	4.571	6.701	-2.130
1197.000	4.570	6.699	-2.129
1198.000	4.570	6.697	-2.126
1199.000	4.570	6.696	-2.126
1200.000	4.569	6.695	-2.126
1201.000	4.568	6.693	-2.125
1202.000	4.568	6.692	-2.124
1203.000	4.567	6.691	-2.123
1204.000	4.567	6.688	-2.121
1205.000	4.567	6.686	-2.119
1206.000	4.566	6.684	-2.118
1207.000	4.565	6.682	-2.117
1208.000	4.565	6.682	-2.117
1209.000	4.565	6.681	-2.116
1210.000	4.564	6.678	-2.114
1211.000	4.564	6.676	-2.112
1212.000	4.563	6.674	-2.111
1213.000	4.562	6.673	-2.111
1214.000	4.562	6.673	-2.111
1215.000	4.562	6.672	-2.110
1216.000	4.561	6.668	-2.107
1217.000	4.561	6.667	-2.106
1218.000	4.561	6.668	-2.106
1219.000	4.560	6.665	-2.105
1220.000	4.560	6.662	-2.103
1221.000	4.559	6.660	-2.101
1222.000	4.559	6.661	-2.103
1223.000	4.559	6.658	-2.100
1224.000	4.558	6.657	-2.099
1225.000	4.557	6.655	-2.098
1226.000	4.557	6.654	-2.096
1227.000	4.557	6.652	-2.095
1228.000	4.557	6.650	-2.093
1229.000	4.556	6.649	-2.093
1230.000	4.556	6.648	-2.092
1231.000	4.555	6.646	-2.091
1232.000	4.555	6.644	-2.089
1233.000	4.554	6.644	-2.089
1234.000	4.554	6.642	-2.088
1235.000	4.553	6.639	-2.086
1236.000	4.553	6.638	-2.085
1237.000	4.553	6.637	-2.084
1238.000	4.552	6.637	-2.085
1239.000	4.551	6.636	-2.085
1240.000	4.550	6.633	-2.083
1241.000	4.550	6.633	-2.082
1242.000	4.550	6.631	-2.081
1243.000	4.549	6.630	-2.080
1244.000	4.549	6.628	-2.080
1245.000	4.548	6.626	-2.077
1246.000	4.548	6.625	-2.077
1247.000	4.548	6.622	-2.073
1248.000	4.548	6.621	-2.074
1249.000	4.547	6.619	-2.072
1250.000	4.546	6.619	-2.073
1251.000	4.546	6.617	-2.071
1252.000	4.545	6.618	-2.072
1253.000	4.545	6.615	-2.071
1254.000	4.544	6.613	-2.069
1255.000	4.544	6.611	-2.067
1256.000	4.543	6.609	-2.065
1257.000	4.543	6.608	-2.065
1258.000	4.542	6.606	-2.064
1259.000	4.542	6.606	-2.064
1260.000	4.541	6.606	-2.065
1261.000	4.541	6.605	-2.064
1262.000	4.540	6.601	-2.061
1263.000	4.540	6.600	-2.060
1264.000	4.539	6.598	-2.059
1265.000	4.539	6.598	-2.059
1266.000	4.538	6.596	-2.058
1267.000	4.538	6.594	-2.056
1268.000	4.538	6.593	-2.056
1269.000	4.537	6.591	-2.054
1270.000	4.537	6.593	-2.056
1271.000	4.536	6.589	-2.053
1272.000	4.536	6.589	-2.053
1273.000	4.536	6.588	-2.052
1274.000	4.535	6.586	-2.051
1275.000	4.535	6.585	-2.051
1276.000	4.534	6.584	-2.050
1277.000	4.534	6.582	-2.048
1278.000	4.534	6.581	-2.048
1279.000	4.534	6.579	-2.045
1280.000	4.533	6.578	-2.045
1281.000	4.533	6.578	-2.045
1282.000	4.532	6.576	-2.043
1283.000	4.532	6.575	-2.043
1284.000	4.532	6.573	-2.041
1285.000	4.531	6.573	-2.041
1286.000	4.531	6.572	-2.040
1287.000	4.531	6.570	-2.040
1288.000	4.531	6.569	-2.038
1289.000	4.530	6.569	-2.038
1290.000	4.530	6.567	-2.036
1291.000	4.530	6.565	-2.035
1292.000	4.529	6.564	-2.035
1293.000	4.529	6.563	-2.034
1294.000	4.529	6.562	-2.034
1295.000	4.528	6.562	-2.034
1296.000	4.527	6.560	-2.032
1297.000	4.527	6.559	-2.031
1298.000	4.527	6.557	-2.030
1299.000	4.527	6.555	-2.028
1300.000	4.527	6.555	-2.028
1301.000	4.527	6.553	-2.026
1302.000	4.527	6.554	-2.027
1303.000	4.526	6.552	-2.026
1304.000	4.526	6.551	-2.025
1305.000	4.525	6.550	-2.025
1306.000	4.524	6.550	-2.025
1307.000	4.523	6.547	-2.024
1308.000	4.523	6.547	-2.024
1309.000	4.522	6.545	-2.022
1310.000	4.522	6.544	-2.022
1311.000	4.521	6.545	-2.023
1312.000	4.521	6.543	-2.022
1313.000	4.521	6.541	-2.021
1314.000	4.520	6.539	-2.019
1315.000	4.520	6.538	-2.018
1316.000	4.519	6.538	-2.018
1317.000	4.519	6.536	-2.018
1318.000	4.519	6.536	-2.018
1319.000	4.518	6.533	-2.015
1320.000	4.518	6.534	-2.016
1321.000	4.518	6.530	-2.012
1322.000	4.518	6.530	-2.012
1323.000	4.518	6.530	-2.012
1324.000	4.518	6.527	-2.009
1325.000	4.518	6.525	-2.007
1326.000	4.517	6.526	-2.009
1327.000	4.517	6.525	-2.008
1328.000	4.516	6.523	-2.006
1329.000	4.516	6.520	-2.004
1330.000	4.516	6.521	-2.005
1331.000	4.515	6.520	-2.005
1332.000	4.515	6.519	-2.004
1333.000	4.514	6.519	-2.005
1334.000	4.514	6.517	-2.004
1335.000	4.514	6.516	-2.002
1336.000	4.513	6.516	-2.002
1337.000	4.513	6.513	-2.000
1338.000	4.513	6.512	-2.000
1339.000	4.513	6.510	-1.998
1340.000	4.512	6.509	-1.997
1341.000	4.512	6.510	-1.998
1342.000	4.512	6.508	-1.996
1343.000	4.512	6.507	-1.995
1344.000	4.512	6.505	-1.994
1345.000	4.511	6.505	-1.994
1346.000	4.511	6.502	-1.991
1347.000	4.511	6.503	-1.992
1348.000	4.510	6.501	-1.991
1349.000	4.511	6.499	-1.988
1350.000	4.510	6.499	-1.989
1351.000	4.510	6.497	-1.988
1352.000	4.510	6.495	-1.986
1353.000	4.509	6.495	-1.986
1354.000	4.509	6.494	-1.985
1355.000	4.508	6.494	-1.986
1356.000	4.508	6.493	-1.985
1357.000	4.507	6.492	-1.985
1358.000	4.507	6.490	-1.984
1359.000	4.506	6.490	-1.983
1360.000	4.506	6.488	-1.982
1361.000	4.505	6.487	-1.981
1362.000	4.505	6.485	-1.980
1363.000	4.505	6.484	-1.979
1364.000	4.504	6.484	-1.979
1365.000	4.505	6.482	-1.977
1366.000	4.504	6.482	-1.978
1367.000	4.504	6.480	-1.976
1368.000	4.503	6.479	-1.975
1369.000	4.503	6.479	-1.976
1370.000	4.503	6.477	-1.975
1371.000	4.502	6.475	-1.973
1372.000	4.501	6.476	-1.975
1373.000	4.501	6.474	-1.973
1374.000	4.501	6.473	-1.973
1375.000	4.500	6.472	-1.972
1376.000	4.500	6.471	-1.971
1377.000	4.500	6.470	-1.969
1378.000	4.500	6.469	-1.969
1379.000	4.500	6.468	-1.969
1380.000	4.499	6.468	-1.968
1381.000	4.499	6.466	-1.968
1382.000	4.498	6.463	-1.965
1383.000	4.497	6.463	-1.966
1384.000	4.497	6.463	-1.966
1385.000	4.497	6.462	-1.965
1386.000	4.497	6.460	-1.963
1387.000	4.497	6.462	-1.965
1388.000	4.496	6.460	-1.964
1389.000	4.496	6.459	-1.963
1390.000	4.495	6.459	-1.963
1391.000	4.495	6.458	-1.963
1392.000	4.494	6.455	-1.961
1393.000	4.494	6.455	-1.961
1394.000	4.493	6.454	-1.961
1395.000	4.493	6.453	-1.960
1396.000	4.493	6.452	-1.959
1397.000	4.493	6.450	-1.957
1398.000	4.493	6.450	-1.957
1399.000	4.492	6.449	-1.957
1400.000	4.492	6.448	-1.957
1401.000	4.491	6.449	-1.957
1402.000	4.490	6.446	-1.956
1403.000	4.490	6.445	-1.955
1404.000	4.490	6.444	-1.954
1405.000	4.490	6.443	-1.953
1406.000	4.490	6.442	-1.952
1407.000	4.490	6.441	-1.951
1408.000	4.489	6.441	-1.952
1409.000	4.489	6.440	-1.952
1410.000	4.488	6.440	-1.952
1411.000	4.487	6.439	-1.952
1412.000	4.487	6.437	-1.950
1413.000	4.486	6.436	-1.950
1414.000	4.486	6.435	-1.950
1415.000	4.486	6.435	-1.949
1416.000	4.486	6.435	-1.949
1417.000	4.485	6.436	-1.951
1418.000	4.485	6.432	-1.947
1419.000	4.485	6.430	-1.945
1420.000	4.484	6.430	-1.946
1421.000	4.484	6.429	-1.945
1422.000	4.483	6.427	-1.944
1423.000	4.483	6.426	-1.943
1424.000	4.482	6.426	-1.944
1425.000	4.482	6.427	-1.945
1426.000	4.482	6.424	-1.942
1427.000	4.482	6.425	-1.944
1428.000	4.481	6.425	-1.944
1429.000	4.481	6.423	-1.942
1430.000	4.480	6.421	-1.941
1431.000	4.480	6.421	-1.941
1432.000	4.479	6.420	-1.941
1433.000	4.479	6.419	-1.940
1434.000	4.478	6.419	-1.941
1435.000	4.478	6.420	-1.942
1436.000	4.478	6.417	-1.939
1437.000	4.478	6.416	-1.938
1438.000	4.478	6.417	-1.939
1439.000	4.478	6.413	-1.935
1440.000	4.478	6.415	-1.937
1441.000	4.478	6.412	-1.934
1442.000	4.478	6.411	-1.934
1443.000	4.478	6.412	-1.934
1444.000	4.478	6.412	-1.934
1445.000	4.477	6.409	-1.932
1446.000	4.477	6.408	-1.931
1447.000	4.477	6.408	-1.931
1448.000	4.477	6.407	-1.931
1449.000	4.476	6.408	-1.932
1450.000	4.476	6.407	-1.931
1451.000	4.476	6.405	-1.929
1452.000	4.476	6.404	-1.927
1453.000	4.476	6.403	-1.926
1454.000	4.476	6.402	-1.926
1455.000	4.476	6.402	-1.925
1456.000	4.476	6.402	-1.925
1457.000	4.476	6.400	-1.923
1458.000	4.476	6.399	-1.923
1459.000	4.476	6.398	-1.922
1460.000	4.475	6.397	-1.922
1461.000	4.475	6.397	-1.922
1462.000	4.475	6.396	-1.921
1463.000	4.475	6.396	-1.921
1464.000	4.475	6.394	-1.920
1465.000	4.475	6.394	-1.919
1466.000	4.475	6.393	-1.917
1467.000	4.475	6.391	-1.916
1468.000	4.475	6.391	-1.916
1469.000	4.475	6.390	-1.915
1470.000	4.475	6.390	-1.915
1471.000	4.474	6.388	-1.914
1472.000	4.474	6.386	-1.912
1473.000	4.474	6.388	-1.914
1474.000	4.473	6.386	-1.913
1475.000	4.473	6.386	-1.912
1476.000	4.473	6.385	-1.911
1477.000	4.473	6.383	-1.910
1478.000	4.473	6.382	-1.909
1479.000	4.473	6.380	-1.907
1480.000	4.473	6.381	-1.908
1481.000	4.473	6.380	-1.908
1482.000	4.472	6.379	-1.908
1483.000	4.471	6.379	-1.908
1484.000	4.471	6.377	-1.906
1485.000	4.471	6.377	-1.906
1486.000	4.470	6.374	-1.904
1487.000	4.470	6.374	-1.904
1488.000	4.470	6.373	-1.903
1489.000	4.470	6.373	-1.903
1490.000	4.470	6.371	-1.901
1491.000	4.470	6.373	-1.903
1492.000	4.470	6.371	-1.901
1493.000	4.470	6.370	-1.900
1494.000	4.470	6.369	-1.899
1495.000	4.469	6.368	-1.899
1496.000	4.468	6.368	-1.899
1497.000	4.468	6.368	-1.900
1498.000	4.468	6.366	-1.898
1499.000	4.467	6.366	-1.899
1500.000	4.467	6.365	-1.898
1501.000	4.467	6.365	-1.898
1502.000	4.467	6.364	-1.897
1503.000	4.467	6.363	-1.896
1504.000	4.467	6.361	-1.894
1505.000	4.467	6.362	-1.895
1506.000	4.467	6.361	-1.894
1507.000	4.466	6.360	-1.894
1508.000	4.466	6.359	-1.893
1509.000	4.465	6.359	-1.893
1510.000	4.465	6.357	-1.892
1511.000	4.465	6.357	-1.892
1512.000	4.465	6.357	-1.892
1513.000	4.465	6.355	-1.890
1514.000	4.465	6.354	-1.889
1515.000	4.464	6.354	-1.890
1516.000	4.463	6.354	-1.890
1517.000	4.463	6.353	-1.890
1518.000	4.463	6.352	-1.889
1519.000	4.463	6.351	-1.889
1520.000	4.463	6.351	-1.889
1521.000	4.462	6.349	-1.887
1522.000	4.462	6.350	-1.888
1523.000	4.462	6.348	-1.886
1524.000	4.461	6.349	-1.888
1525.000	4.461	6.348	-1.887
1526.000	4.461	6.349	-1.888
1527.000	4.461	6.347	-1.886
1528.000	4.461	6.345	-1.884
1529.000	4.461	6.345	-1.884
1530.000	4.461	6.342	-1.882
1531.000	4.461	6.343	-1.883
1532.000	4.461	6.343	-1.882
1533.000	4.460	6.341	-1.881
1534.000	4.460	6.341	-1.881
1535.000	4.460	6.340	-1.881
1536.000	4.460	6.340	-1.881
1537.000	4.459	6.339	-1.880
1538.000	4.459	6.339	-1.880
1539.000	4.459	6.338	-1.879
1540.000	4.458	6.337	-1.879
1541.000	4.459	6.336	-1.878
1542.000	4.458	6.336	-1.878
1543.000	4.458	6.337	-1.879
1544.000	4.457	6.334	-1.877
1545.000	4.457	6.334	-1.877
1546.000	4.457	6.334	-1.876
1547.000	4.457	6.333	-1.876
1548.000	4.457	6.332	-1.876
1549.000	4.456	6.332	-1.876
1550.000	4.456	6.331	-1.875
1551.000	4.456	6.330	-1.874
1552.000	4.456	6.331	-1.875
1553.000	4.456	6.330	-1.874
1554.000	4.456	6.330	-1.874
1555.000	4.455	6.328	-1.873
1556.000	4.456	6.328	-1.873
1557.000	4.456	6.327	-1.871
1558.000	4.455	6.326	-1.871
1559.000	4.455	6.326	-1.871
1560.000	4.455	6.325	-1.870
1561.000	4.455	6.325	-1.870
1562.000	4.454	6.324	-1.870
1563.000	4.454	6.325	-1.870
1564.000	4.454	6.323	-1.868
1565.000	4.454	6.322	-1.868
1566.000	4.454	6.321	-1.867
1567.000	4.454	6.321	-1.867
1568.000	4.454	6.320	-1.866
1569.000	4.454	6.320	-1.867
1570.000	4.453	6.320	-1.867
1571.000	4.453	6.320	-1.867
1572.000	4.453	6.318	-1.865
1573.000	4.453	6.319	-1.866
1574.000	4.453	6.318	-1.865
1575.000	4.453	6.316	-1.863
1576.000	4.453	6.317	-1.864
1577.000	4.452	6.314	-1.862
1578.000	4.452	6.316	-1.864
1579.000	4.452	6.315	-1.862
1580.000	4.452	6.315	-1.863
1581.000	4.451	6.314	-1.862
1582.000	4.452	6.313	-1.862
1583.000	4.452	6.312	-1.860
1584.000	4.451	6.312	-1.861
1585.000	4.451	6.311	-1.860
1586.000	4.451	6.311	-1.860
1587.000	4.451	6.309	-1.858
1588.000	4.450	6.310	-1.859
1589.000	4.450	6.308	-1.858
1590.000	4.450	6.309	-1.859
1591.000	4.450	6.307	-1.857
1592.000	4.450	6.306	-1.857
1593.000	4.450	6.306	-1.856
1594.000	4.449	6.305	-1.856
1595.000	4.449	6.305	-1.856
1596.000	4.449	6.304	-1.854
1597.000	4.449	6.305	-1.856
1598.000	4.449	6.303	-1.854
1599.000	4.449	6.302	-1.854
1600.000	4.448	6.302	-1.854
1601.000	4.448	6.304	-1.856
1602.000	4.448	6.301	-1.854
1603.000	4.447	6.301	-1.854
1604.000	4.447	6.300	-1.853
1605.000	4.447	6.301	-1.854
1606.000	4.447	6.300	-1.853
1607.000	4.446	6.299	-1.852
1608.000	4.446	6.298	-1.852
1609.000	4.446	6.299	-1.853
1610.000	4.446	6.298	-1.852
1611.000	4.445	6.298	-1.852
1612.000	4.445	6.297	-1.852
1613.000	4.445	6.296	-1.851
1614.000	4.445	6.295	-1.850
1615.000	4.445	6.294	-1.850
1616.000	4.444	6.295	-1.850
1617.000	4.444	6.293	-1.848
1618.000	4.444	6.294	-1.849
1619.000	4.444	6.293	-1.848
1620.000	4.444	6.292	-1.848
1621.000	4.444	6.292	-1.848
1622.000	4.444	6.291	-1.847
1623.000	4.444	6.291	-1.847
1624.000	4.444	6.291	-1.848
1625.000	4.444	6.290	-1.846
1626.000	4.443	6.290	-1.847
1627.000	4.443	6.290	-1.847
1628.000	4.444	6.288	-1.845
1629.000	4.443	6.288	-1.845
1630.000	4.443	6.286	-1.843
1631.000	4.443	6.285	-1.843
1632.000	4.442	6.288	-1.846
1633.000	4.442	6.285	-1.843
1634.000	4.441	6.285	-1.844
1635.000	4.441	6.284	-1.843
1636.000	4.441	6.284	-1.843
1637.000	4.441	6.283	-1.842
1638.000	4.441	6.283	-1.842
1639.000	4.441	6.283	-1.842
1640.000	4.441	6.282	-1.841
1641.000	4.440	6.283	-1.843
1642.000	4.440	6.281	-1.841
1643.000	4.440	6.282	-1.842
1644.000	4.440	6.280	-1.840
1645.000	4.440	6.282	-1.842
1646.000	4.440	6.280	-1.840
1647.000	4.439	6.280	-1.841
1648.000	4.439	6.278	-1.840
1649.000	4.439	6.278	-1.840
1650.000	4.438	6.279	-1.841
1651.000	4.438	6.278	-1.840
1652.000	4.438	6.277	-1.839
1653.000	4.437	6.277	-1.839
1654.000	4.437	6.276	-1.839
1655.000	4.437	6.276	-1.839
1656.000	4.437	6.274	-1.838
1657.000	4.437	6.274	-1.838
1658.000	4.436	6.274	-1.838
1659.000	4.436	6.275	-1.839
1660.000	4.436	6.274	-1.838
1661.000	4.436	6.275	-1.839
1662.000	4.435	6.274	-1.839
1663.000	4.435	6.272	-1.837
1664.000	4.435	6.272	-1.837
1665.000	4.435	6.273	-1.838
1666.000	4.435	6.272	-1.837
1667.000	4.435	6.271	-1.835
1668.000	4.435	6.271	-1.836
1669.000	4.435	6.270	-1.835
1670.000	4.435	6.269	-1.834
1671.000	4.435	6.269	-1.834
1672.000	4.435	6.269	-1.834
1673.000	4.435	6.269	-1.835
1674.000	4.434	6.269	-1.834
1675.000	4.434	6.268	-1.833
1676.000	4.435	6.269	-1.834
1677.000	4.434	6.266	-1.832
1678.000	4.434	6.265	-1.830
1679.000	4.434	6.267	-1.833
1680.000	4.434	6.265	-1.831
1681.000	4.434	6.266	-1.831
1682.000	4.434	6.263	-1.830
1683.000	4.434	6.264	-1.831
1684.000	4.434	6.264	-1.831
1685.000	4.433	6.265	-1.832
1686.000	4.433	6.264	-1.831
1687.000	4.433	6.263	-1.830
1688.000	4.433	6.261	-1.828
1689.000	4.433	6.262	-1.829
1690.000	4.433	6.262	-1.830
1691.000	4.433	6.261	-1.829
1692.000	4.433	6.261	-1.829
1693.000	4.432	6.260	-1.828
1694.000	4.432	6.261	-1.829
1695.000	4.432	6.260	-1.828
1696.000	4.432	6.259	-1.828
1697.000	4.431	6.260	-1.829
1698.000	4.432	6.260	-1.828
1699.000	4.432	6.259	-1.827
1700.000	4.431	6.257	-1.825
1701.000	4.431	6.258	-1.827
1702.000	4.431	6.257	-1.826
1703.000	4.431	6.258	-1.827
1704.000	4.431	6.256	-1.825
1705.000	4.431	6.255	-1.825
1706.000	4.431	6.255	-1.824
1707.000	4.430	6.253	-1.823
1708.000	4.430	6.255	-1.824
1709.000	4.430	6.255	-1.825
1710.000	4.430	6.254	-1.824
1711.000	4.430	6.253	-1.823
1712.000	4.430	6.253	-1.823
1713.000	4.430	6.253	-1.823
1714.000	4.430	6.253	-1.823
1715.000	4.430	6.251	-1.822
1716.000	4.429	6.251	-1.822
1717.000	4.429	6.251	-1.822
1718.000	4.429	6.251	-1.822
1719.000	4.429	6.250	-1.821
1720.000	4.429	6.250	-1.821
1721.000	4.428	6.251	-1.822
1722.000	4.428	6.249	-1.821
1723.000	4.428	6.250	-1.822
1724.000	4.428	6.249	-1.821
1725.000	4.428	6.249	-1.821
1726.000	4.428	6.248	-1.821
1727.000	4.428	6.249	-1.821
1728.000	4.427	6.247	-1.819
1729.000	4.427	6.247	-1.820
1730.000	4.427	6.248	-1.821
1731.000	4.428	6.247	-1.819
1732.000	4.428	6.247	-1.819
1733.000	4.428	6.247	-1.819
1734.000	4.428	6.245	-1.818
1735.000	4.428	6.245	-1.817
1736.000	4.428	6.245	-1.817
1737.000	4.428	6.245	-1.817
1738.000	4.427	6.245	-1.817
1739.000	4.427	6.242	-1.815
1740.000	4.427	6.243	-1.816
1741.000	4.427	6.244	-1.817
1742.000	4.427	6.244	-1.817
1743.000	4.427	6.241	-1.814
1744.000	4.427	6.243	-1.816
1745.000	4.427	6.242	-1.815
1746.000	4.426	6.243	-1.817
1747.000	4.426	6.241	-1.815
1748.000	4.426	6.242	-1.816
1749.000	4.426	6.240	-1.814
1750.000	4.426	6.241	-1.815
1751.000	4.426	6.239	-1.814
1752.000	4.426	6.239	-1.813
1753.000	4.425	6.240	-1.815
1754.000	4.425	6.239	-1.813
1755.000	4.425	6.239	-1.814
1756.000	4.425	6.238	-1.813
1757.000	4.425	6.238	-1.813
1758.000	4.425	6.237	-1.813
1759.000	4.425	6.237	-1.813
1760.000	4.425	6.237	-1.812
1761.000	4.424	6.237	-1.813
1762.000	4.424	6.237	-1.813
1763.000	4.424	6.235	-1.811
1764.000	4.424	6.236	-1.812
1765.000	4.424	6.234	-1.810
1766.000	4.424	6.235	-1.811
1767.000	4.424	6.235	-1.811
1768.000	4.424	6.235	-1.812
1769.000	4.423	6.235	-1.812
1770.000	4.423	6.234	-1.811
1771.000	4.423	6.234	-1.811
1772.000	4.423	6.236	-1.813
1773.000	4.423	6.233	-1.810
1774.000	4.423	6.232	-1.809
1775.000	4.423	6.232	-1.809
1776.000	4.423	6.231	-1.809
1777.000	4.423	6.231	-1.808
1778.000	4.423	6.231	-1.808
1779.000	4.423	6.232	-1.809
1780.000	4.423	6.231	-1.809
1781.000	4.422	6.231	-1.809
1782.000	4.422	6.231	-1.809
1783.000	4.422	6.232	-1.810
1784.000	4.422	6.230	-1.808
1785.000	4.422	6.229	-1.807
1786.000	4.422	6.231	-1.809
1787.000	4.421	6.229	-1.807
1788.000	4.421	6.229	-1.809
1789.000	4.421	6.229	-1.808
1790.000	4.421	6.229	-1.808
1791.000	4.421	6.229	-1.808
1792.000	4.421	6.228	-1.806
1793.000	4.421	6.228	-1.807
1794.000	4.421	6.228	-1.807
1795.000	4.421	6.226	-1.805
1796.000	4.421	6.225	-1.804
1797.000	4.421	6.226	-1.804
1798.000	4.421	6.226	-1.804
1799.000	4.421	6.224	-1.803
1800.000	4.421	6.223	-1.801
1801.000	4.421	6.225	-1.804
1802.000	4.421	6.224	-1.803
1803.000	4.421	6.224	-1.803
1804.000	4.421	6.224	-1.804
1805.000	4.421	6.223	-1.802
1806.000	4.421	6.223	-1.802
1807.000	4.421	6.222	-1.802
1808.000	4.421	6.221	-1.800
1809.000	4.420	6.222	-1.802
1810.000	4.420	6.222	-1.802
1811.000	4.420	6.221	-1.801
1812.000	4.420	6.220	-1.800
1813.000	4.421	6.221	-1.800
1814.000	4.421	6.220	-1.800
1815.000	4.421	6.220	-1.799
1816.000	4.421	6.220	-1.799
1817.000	4.421	6.220	-1.799
