Index	V	I	R	T_coldhead	T_sample
0.00000	0.00144	0.00100	1.44170	4.49200	6.65180
1.00000	0.00145	0.00100	1.44770	4.49220	6.65100
2.00000	0.00148	0.00100	1.48280	4.49270	6.64900
3.00000	0.00147	0.00100	1.46590	4.49360	6.64790
4.00000	0.00147	0.00099	1.48535	4.49510	6.64670
5.00000	0.00143	0.00100	1.43010	4.49730	6.64440
6.00000	0.00143	0.00100	1.42980	4.50020	6.64170
7.00000	0.00148	0.00100	1.47730	4.50390	6.63780
8.00000	0.00146	0.00100	1.46500	4.50860	6.63460
9.00000	0.00147	0.00100	1.47120	4.51450	6.62990
10.00000	0.00147	0.00100	1.47040	4.52150	6.62300
11.00000	0.00150	0.00100	1.49830	4.52980	6.61910
12.00000	0.00146	0.00100	1.45610	4.53950	6.61260
13.00000	0.00148	0.00099	1.49020	4.55030	6.60550
14.00000	0.00147	0.00100	1.46560	4.56260	6.59950
15.00000	0.00148	0.00100	1.47930	4.57600	6.59330
16.00000	0.00145	0.00100	1.45220	4.59060	6.58580
17.00000	0.00145	0.00100	1.44730	4.60630	6.57960
18.00000	0.00147	0.00100	1.47170	4.62370	6.57110
19.00000	0.00149	0.00100	1.48820	4.64290	6.56580
20.00000	0.00146	0.00100	1.46300	4.66400	6.55700
21.00000	0.00144	0.00100	1.44460	4.68720	6.54870
22.00000	0.00143	0.00100	1.42680	4.71390	6.54150
23.00000	0.00149	0.00100	1.49300	4.74410	6.53280
24.00000	0.00148	0.00100	1.48100	4.77710	6.52240
25.00000	0.00147	0.00100	1.47420	4.81250	6.49910
26.00000	0.00147	0.00100	1.46540	4.84990	6.47620
27.00000	0.00145	0.00100	1.44750	4.88970	6.45320
28.00000	0.00146	0.00100	1.45620	4.93150	6.42920
29.00000	0.00144	0.00100	1.43880	4.97520	6.40620
30.00000	0.00145	0.00100	1.45150	5.02390	6.38530
31.00000	0.00142	0.00100	1.42210	5.07440	6.36500
32.00000	0.00144	0.00100	1.43940	5.12540	6.34960
33.00000	0.00146	0.00100	1.46480	5.17680	6.33460
34.00000	0.00146	0.00100	1.45680	5.22840	6.32370
35.00000	0.00144	0.00101	1.42832	5.27990	6.31370
36.00000	0.00147	0.00100	1.47490	5.33510	6.30820
37.00000	0.00148	0.00100	1.47930	5.38970	6.30590
38.00000	0.00147	0.00100	1.46790	5.44360	6.30580
39.00000	0.00146	0.00100	1.46420	5.49670	6.30770
40.00000	0.00143	0.00100	1.43450	5.54880	6.31630
41.00000	0.00147	0.00100	1.46710	5.60150	6.32760
42.00000	0.00146	0.00100	1.45530	5.65520	6.33910
43.00000	0.00146	0.00100	1.46210	5.70760	6.35440
44.00000	0.00144	0.00100	1.44450	5.75860	6.37280
45.00000	0.00146	0.00100	1.46050	5.80840	6.39110
46.00000	0.00144	0.00100	1.43880	5.85660	6.41170
47.00000	0.00141	0.00100	1.40870	5.90370	6.43480
48.00000	0.00148	0.00100	1.48030	5.95290	6.46160
49.00000	0.00147	0.00100	1.46550	6.00060	6.48600
50.00000	0.00145	0.00100	1.45360	6.04660	6.51260
51.00000	0.00147	0.00100	1.46800	6.09110	6.53940
52.00000	0.00148	0.00100	1.47810	6.13430	6.56760
53.00000	0.00147	0.00101	1.45149	6.17610	6.59650
54.00000	0.00142	0.00100	1.41950	6.21660	6.62930
55.00000	0.00148	0.00100	1.48090	6.25580	6.66080
56.00000	0.00147	0.00100	1.47410	6.29630	6.69450
57.00000	0.00146	0.00100	1.45550	6.33540	6.72640
58.00000	0.00147	0.00100	1.46680	6.37280	6.75860
59.00000	0.00147	0.00100	1.47070	6.40910	6.79290
60.00000	0.00150	0.00100	1.50340	6.44410	6.82600
61.00000	0.00148	0.00100	1.48260	6.47770	6.86040
62.00000	0.00150	0.00100	1.50390	6.51050	6.89150
63.00000	0.00151	0.00100	1.50780	6.54220	6.92580
64.00000	0.00152	0.00100	1.52010	6.57230	6.95800
65.00000	0.00151	0.00100	1.51450	6.60160	6.99060
66.00000	0.00151	0.00100	1.51210	6.63160	7.02450
67.00000	0.00151	0.00100	1.51470	6.66070	7.06000
68.00000	0.00153	0.00100	1.52650	6.68870	7.09210
69.00000	0.00151	0.00100	1.51190	6.71580	7.12380
70.00000	0.00151	0.00100	1.51060	6.74240	7.15780
71.00000	0.00151	0.00100	1.51190	6.76800	7.18930
72.00000	0.00152	0.00100	1.52490	6.79290	7.22030
73.00000	0.00152	0.00100	1.51740	6.81720	7.24980
74.00000	0.00152	0.00100	1.51540	6.84190	7.28120
75.00000	0.00153	0.00100	1.53210	6.86670	7.31200
76.00000	0.00152	0.00100	1.51990	6.89190	7.34380
77.00000	0.00150	0.00100	1.50490	6.91770	7.37570
78.00000	0.00150	0.00099	1.51303	6.94400	7.40730
79.00000	0.00155	0.00100	1.55350	6.97160	7.43870
80.00000	0.00154	0.00100	1.54240	6.99970	7.47110
81.00000	0.00152	0.00100	1.52020	7.02800	7.50160
82.00000	0.00154	0.00100	1.53640	7.05610	7.53240
83.00000	0.00154	0.00100	1.53660	7.08390	7.56300
84.00000	0.00154	0.00100	1.53910	7.11150	7.59470
85.00000	0.00151	0.00100	1.50730	7.13870	7.62520
86.00000	0.00150	0.00100	1.50010	7.16570	7.65430
87.00000	0.00153	0.00100	1.52820	7.19270	7.68570
88.00000	0.00153	0.00100	1.52620	7.21880	7.71790
89.00000	0.00153	0.00100	1.52930	7.24460	7.74900
90.00000	0.00150	0.00100	1.49990	7.26990	7.78160
91.00000	0.00152	0.00100	1.52250	7.29480	7.81210
92.00000	0.00152	0.00100	1.51680	7.32040	7.84280
93.00000	0.00151	0.00100	1.51440	7.34590	7.87240
94.00000	0.00155	0.00100	1.54560	7.37120	7.90100
95.00000	0.00152	0.00100	1.52010	7.39580	7.93030
96.00000	0.00153	0.00099	1.54141	7.41980	7.95910
97.00000	0.00153	0.00100	1.53080	7.44330	7.98810
98.00000	0.00149	0.00100	1.49060	7.46640	8.01940
99.00000	0.00149	0.00100	1.49220	7.48930	8.04790
100.00000	0.00152	0.00100	1.51980	7.51150	8.07730
101.00000	0.00151	0.00100	1.51400	7.53320	8.10770
102.00000	0.00153	0.00100	1.53140	7.55460	8.13720
103.00000	0.00150	0.00100	1.49840	7.57530	8.16410
104.00000	0.00151	0.00100	1.50830	7.59560	8.19310
105.00000	0.00149	0.00100	1.48590	7.61540	8.21950
106.00000	0.00153	0.00100	1.52790	7.63430	8.24680
107.00000	0.00151	0.00100	1.51280	7.65350	8.27410
108.00000	0.00153	0.00100	1.53120	7.67320	8.30160
109.00000	0.00152	0.00100	1.51700	7.69200	8.32770
110.00000	0.00152	0.00100	1.52450	7.71050	8.35400
111.00000	0.00153	0.00100	1.53500	7.72810	8.37760
112.00000	0.00153	0.00100	1.53120	7.74510	8.40370
113.00000	0.00151	0.00100	1.50910	7.76180	8.43130
114.00000	0.00153	0.00100	1.53050	7.77800	8.45840
115.00000	0.00155	0.00100	1.54570	7.79360	8.48120
116.00000	0.00151	0.00100	1.51340	7.80920	8.50720
117.00000	0.00151	0.00099	1.52818	7.82390	8.53170
118.00000	0.00152	0.00100	1.52300	7.83830	8.55460
119.00000	0.00152	0.00100	1.52190	7.85200	8.57690
120.00000	0.00153	0.00100	1.52540	7.86510	8.60120
121.00000	0.00154	0.00100	1.54290	7.87780	8.62300
122.00000	0.00155	0.00100	1.55240	7.89000	8.64620
123.00000	0.00153	0.00099	1.54747	7.90180	8.66760
124.00000	0.00153	0.00100	1.52630	7.91310	8.68950
125.00000	0.00151	0.00100	1.50770	7.92400	8.70990
126.00000	0.00153	0.00100	1.53200	7.93460	8.72980
127.00000	0.00154	0.00100	1.53950	7.94530	8.74960
128.00000	0.00153	0.00100	1.52990	7.95500	8.76850
129.00000	0.00156	0.00100	1.55540	7.96440	8.78900
130.00000	0.00153	0.00100	1.52900	7.97310	8.80720
131.00000	0.00152	0.00100	1.51770	7.98210	8.82670
132.00000	0.00157	0.00099	1.58879	7.99080	8.84490
133.00000	0.00156	0.00100	1.56250	7.99890	8.86540
134.00000	0.00155	0.00100	1.54950	8.00680	8.88590
135.00000	0.00153	0.00100	1.53310	8.01460	8.90210
136.00000	0.00150	0.00100	1.49860	8.02200	8.91920
137.00000	0.00152	0.00100	1.52040	8.02920	8.93770
138.00000	0.00151	0.00100	1.51230	8.03600	8.95570
139.00000	0.00152	0.00100	1.51720	8.04260	8.97270
140.00000	0.00154	0.00100	1.53790	8.04910	8.98620
141.00000	0.00151	0.00100	1.50810	8.05550	9.00140
142.00000	0.00148	0.00100	1.48400	8.06150	9.01700
143.00000	0.00154	0.00100	1.53660	8.06780	9.03180
144.00000	0.00154	0.00100	1.54040	8.07350	9.04950
145.00000	0.00155	0.00100	1.54890	8.07900	9.06410
146.00000	0.00154	0.00100	1.54020	8.08440	9.07810
147.00000	0.00153	0.00100	1.52550	8.08930	9.09200
148.00000	0.00154	0.00100	1.54410	8.09390	9.10530
149.00000	0.00155	0.00100	1.54780	8.09820	9.11750
150.00000	0.00153	0.00100	1.53410	8.10300	9.13300
151.00000	0.00155	0.00100	1.55190	8.10740	9.14490
152.00000	0.00156	0.00100	1.55740	8.11210	9.15760
153.00000	0.00155	0.00100	1.54990	8.11650	9.16870
154.00000	0.00153	0.00100	1.53360	8.12050	9.18160
155.00000	0.00152	0.00100	1.51740	8.12450	9.19190
156.00000	0.00152	0.00100	1.52260	8.12820	9.20390
157.00000	0.00156	0.00100	1.56070	8.13190	9.21580
158.00000	0.00152	0.00100	1.52320	8.13550	9.22630
159.00000	0.00153	0.00101	1.51891	8.13890	9.23830
160.00000	0.00157	0.00100	1.56880	8.14230	9.24740
161.00000	0.00155	0.00100	1.54760	8.14530	9.25930
162.00000	0.00152	0.00100	1.52330	8.14830	9.26920
163.00000	0.00154	0.00100	1.53810	8.15120	9.27960
164.00000	0.00153	0.00100	1.53060	8.15440	9.28930
165.00000	0.00157	0.00100	1.56970	8.15720	9.30100
166.00000	0.00157	0.00100	1.56590	8.15970	9.30820
167.00000	0.00155	0.00099	1.57020	8.16250	9.31770
168.00000	0.00159	0.00100	1.59030	8.16550	9.32810
169.00000	0.00153	0.00100	1.53170	8.16810	9.33750
170.00000	0.00157	0.00100	1.56770	8.17060	9.34680
171.00000	0.00153	0.00100	1.52800	8.17290	9.35590
172.00000	0.00158	0.00100	1.57700	8.17530	9.36440
173.00000	0.00155	0.00099	1.56394	8.17750	9.37220
174.00000	0.00155	0.00100	1.54670	8.18010	9.38120
175.00000	0.00156	0.00100	1.55650	8.18230	9.38990
176.00000	0.00153	0.00100	1.53500	8.18420	9.39890
177.00000	0.00152	0.00100	1.51620	8.18630	9.40620
178.00000	0.00153	0.00100	1.52920	8.18780	9.41510
179.00000	0.00155	0.00100	1.55230	8.18990	9.42190
180.00000	0.00155	0.00100	1.55270	8.19170	9.43110
181.00000	0.00153	0.00100	1.52850	8.19320	9.43820
182.00000	0.00153	0.00100	1.53120	8.19480	9.44620
183.00000	0.00151	0.00100	1.51410	8.19600	9.45240
184.00000	0.00156	0.00100	1.56180	8.19770	9.45880
185.00000	0.00153	0.00100	1.52650	8.19930	9.46590
186.00000	0.00155	0.00100	1.55150	8.20070	9.47350
187.00000	0.00154	0.00100	1.54440	8.20230	9.48020
188.00000	0.00154	0.00100	1.53780	8.20400	9.48770
189.00000	0.00155	0.00100	1.54580	8.20560	9.49290
190.00000	0.00156	0.00100	1.55760	8.20690	9.49860
191.00000	0.00153	0.00100	1.53060	8.20860	9.50500
192.00000	0.00154	0.00100	1.53770	8.20990	9.51170
193.00000	0.00155	0.00100	1.54900	8.21120	9.51880
194.00000	0.00152	0.00100	1.51840	8.21250	9.52440
195.00000	0.00154	0.00101	1.52129	8.21350	9.52890
196.00000	0.00157	0.00100	1.56690	8.21470	9.53570
197.00000	0.00156	0.00100	1.55520	8.21620	9.54200
198.00000	0.00155	0.00100	1.55010	8.21750	9.54820
199.00000	0.00153	0.00100	1.53120	8.21870	9.55420
200.00000	0.00153	0.00100	1.52860	8.21960	9.55950
201.00000	0.00154	0.00100	1.54420	8.22060	9.56520
202.00000	0.00154	0.00100	1.54150	8.22150	9.57110
203.00000	0.00154	0.00100	1.54380	8.22250	9.57620
204.00000	0.00153	0.00100	1.53190	8.22360	9.58100
205.00000	0.00156	0.00100	1.55650	8.22440	9.58660
206.00000	0.00154	0.00100	1.53770	8.22530	9.59180
207.00000	0.00154	0.00100	1.53760	8.22650	9.59830
208.00000	0.00154	0.00100	1.54340	8.22740	9.60440
209.00000	0.00157	0.00100	1.56510	8.22830	9.60860
210.00000	0.00157	0.00100	1.57490	8.22950	9.61310
211.00000	0.00155	0.00100	1.55160	8.23050	9.61910
212.00000	0.00154	0.00099	1.55788	8.23170	9.62370
213.00000	0.00154	0.00100	1.54240	8.23260	9.62840
214.00000	0.00152	0.00100	1.51550	8.23380	9.63370
215.00000	0.00153	0.00100	1.53310	8.23460	9.63780
216.00000	0.00154	0.00100	1.53980	8.23510	9.64340
217.00000	0.00156	0.00100	1.56140	8.23550	9.64730
218.00000	0.00156	0.00100	1.55530	8.23610	9.65250
219.00000	0.00156	0.00100	1.55570	8.23690	9.65870
220.00000	0.00154	0.00100	1.53880	8.23770	9.66380
221.00000	0.00155	0.00100	1.54820	8.23820	9.66720
222.00000	0.00153	0.00100	1.53240	8.23890	9.67340
223.00000	0.00152	0.00100	1.51680	8.23930	9.67660
224.00000	0.00155	0.00100	1.55280	8.24040	9.68130
225.00000	0.00153	0.00100	1.53030	8.24120	9.68720
226.00000	0.00154	0.00101	1.52386	8.24220	9.69170
227.00000	0.00156	0.00100	1.55670	8.24310	9.69630
228.00000	0.00156	0.00100	1.55810	8.24390	9.70090
229.00000	0.00156	0.00099	1.57475	8.24490	9.70590
230.00000	0.00154	0.00100	1.53520	8.24550	9.71060
231.00000	0.00158	0.00100	1.57610	8.24640	9.71330
232.00000	0.00155	0.00099	1.56485	8.24690	9.71890
233.00000	0.00160	0.00099	1.61172	8.24750	9.72330
234.00000	0.00158	0.00100	1.57830	8.24810	9.72740
235.00000	0.00157	0.00100	1.57340	8.24880	9.73130
236.00000	0.00156	0.00100	1.56210	8.24930	9.73680
237.00000	0.00156	0.00100	1.55980	8.25010	9.74040
238.00000	0.00156	0.00100	1.56350	8.25120	9.74290
239.00000	0.00156	0.00100	1.56200	8.25170	9.74950
240.00000	0.00154	0.00100	1.54310	8.25230	9.75100
241.00000	0.00157	0.00100	1.56620	8.25300	9.75540
242.00000	0.00154	0.00100	1.54490	8.25370	9.75770
243.00000	0.00155	0.00100	1.54910	8.25450	9.76360
244.00000	0.00152	0.00100	1.52420	8.25530	9.76690
245.00000	0.00156	0.00100	1.56410	8.25600	9.77110
246.00000	0.00155	0.00100	1.54670	8.25700	9.77470
247.00000	0.00154	0.00100	1.54230	8.25780	9.77870
248.00000	0.00157	0.00100	1.56780	8.25840	9.78410
249.00000	0.00153	0.00100	1.52860	8.25920	9.78680
250.00000	0.00158	0.00100	1.57720	8.25920	9.79050
251.00000	0.00159	0.00100	1.58520	8.26000	9.79480
252.00000	0.00155	0.00100	1.55030	8.26070	9.79840
253.00000	0.00157	0.00100	1.57110	8.26100	9.80210
254.00000	0.00157	0.00100	1.56560	8.26140	9.80650
255.00000	0.00158	0.00101	1.56762	8.26160	9.80900
256.00000	0.00157	0.00100	1.56940	8.26230	9.81290
257.00000	0.00156	0.00100	1.55600	8.26280	9.81810
258.00000	0.00158	0.00100	1.58140	8.26380	9.82110
259.00000	0.00158	0.00100	1.57640	8.26430	9.82400
260.00000	0.00154	0.00100	1.54450	8.26510	9.82730
261.00000	0.00155	0.00100	1.54850	8.26560	9.83130
262.00000	0.00156	0.00100	1.56200	8.26620	9.83510
263.00000	0.00154	0.00100	1.54420	8.26680	9.83910
264.00000	0.00159	0.00100	1.58810	8.26750	9.84320
265.00000	0.00156	0.00100	1.55720	8.26810	9.84690
266.00000	0.00159	0.00100	1.58750	8.26910	9.85040
267.00000	0.00159	0.00100	1.59280	8.26950	9.85260
268.00000	0.00155	0.00100	1.55200	8.27020	9.85740
269.00000	0.00161	0.00100	1.60860	8.27090	9.86070
270.00000	0.00157	0.00100	1.57220	8.27160	9.86310
271.00000	0.00158	0.00100	1.58040	8.27230	9.86700
272.00000	0.00158	0.00100	1.58490	8.27300	9.87000
273.00000	0.00160	0.00100	1.60130	8.27380	9.87310
274.00000	0.00159	0.00100	1.58720	8.27440	9.87770
275.00000	0.00156	0.00100	1.55860	8.27510	9.88050
276.00000	0.00156	0.00100	1.55740	8.27570	9.88370
277.00000	0.00157	0.00100	1.56710	8.27670	9.88780
278.00000	0.00155	0.00100	1.55210	8.27720	9.89200
279.00000	0.00160	0.00100	1.59640	8.27790	9.89430
280.00000	0.00156	0.00100	1.56270	8.27820	9.89750
281.00000	0.00156	0.00100	1.56450	8.27900	9.89970
282.00000	0.00157	0.00100	1.56940	8.27930	9.90350
283.00000	0.00159	0.00100	1.59430	8.28020	9.90540
284.00000	0.00155	0.00100	1.55100	8.28070	9.91020
285.00000	0.00159	0.00100	1.58750	8.28080	9.91420
286.00000	0.00157	0.00100	1.57150	8.28130	9.91740
287.00000	0.00156	0.00100	1.55940	8.28200	9.92060
288.00000	0.00156	0.00100	1.56180	8.28260	9.92360
289.00000	0.00153	0.00100	1.53020	8.28290	9.92700
290.00000	0.00157	0.00100	1.56600	8.28320	9.93080
291.00000	0.00155	0.00100	1.55470	8.28370	9.93330
292.00000	0.00158	0.00100	1.58420	8.28430	9.93730
293.00000	0.00156	0.00100	1.55770	8.28490	9.94070
294.00000	0.00154	0.00100	1.54260	8.28580	9.94380
295.00000	0.00157	0.00100	1.57340	8.28600	9.94750
296.00000	0.00153	0.00100	1.52850	8.28690	9.95100
297.00000	0.00156	0.00100	1.55860	8.28760	9.95480
298.00000	0.00154	0.00100	1.54180	8.28820	9.95710
299.00000	0.00156	0.00100	1.56470	8.28870	9.96030
300.00000	0.00155	0.00100	1.55220	8.28930	9.96300
301.00000	0.00156	0.00100	1.56270	8.29000	9.96640
302.00000	0.00156	0.00100	1.56090	8.29080	9.96840
303.00000	0.00158	0.00100	1.57960	8.29140	9.97100
304.00000	0.00156	0.00100	1.55950	8.29210	9.97310
305.00000	0.00156	0.00100	1.56330	8.29290	9.97520
306.00000	0.00158	0.00100	1.57660	8.29360	9.97990
307.00000	0.00156	0.00100	1.56070	8.29430	9.98370
308.00000	0.00153	0.00100	1.52700	8.29490	9.98610
309.00000	0.00155	0.00100	1.54660	8.29580	9.98810
310.00000	0.00158	0.00100	1.57830	8.29630	9.99210
311.00000	0.00153	0.00100	1.53310	8.29670	9.99370
312.00000	0.00153	0.00100	1.53100	8.29700	9.99700
313.00000	0.00154	0.00100	1.54050	8.29750	9.99920
314.00000	0.00160	0.00100	1.60200	8.29820	10.00220
315.00000	0.00155	0.00100	1.54930	8.29860	10.00490
316.00000	0.00154	0.00099	1.55747	8.29900	10.00820
317.00000	0.00153	0.00099	1.54909	8.29990	10.01050
318.00000	0.00155	0.00100	1.54710	8.30050	10.01350
319.00000	0.00155	0.00100	1.55430	8.30140	10.01540
320.00000	0.00154	0.00100	1.54460	8.30180	10.01780
321.00000	0.00159	0.00100	1.59220	8.30220	10.02320
322.00000	0.00154	0.00099	1.55202	8.30260	10.02540
323.00000	0.00156	0.00100	1.55960	8.30320	10.02630
324.00000	0.00159	0.00100	1.58920	8.30360	10.02850
325.00000	0.00157	0.00100	1.57310	8.30360	10.03260
326.00000	0.00155	0.00100	1.54960	8.30380	10.03410
327.00000	0.00157	0.00100	1.56850	8.30460	10.03730
328.00000	0.00158	0.00100	1.57920	8.30500	10.03870
329.00000	0.00157	0.00100	1.57310	8.30550	10.04070
330.00000	0.00154	0.00100	1.54440	8.30580	10.04410
331.00000	0.00154	0.00100	1.53590	8.30600	10.04730
332.00000	0.00154	0.00100	1.54130	8.30650	10.05030
333.00000	0.00156	0.00100	1.56080	8.30700	10.05110
334.00000	0.00155	0.00100	1.55080	8.30720	10.05360
335.00000	0.00156	0.00100	1.56070	8.30750	10.05570
336.00000	0.00156	0.00101	1.54545	8.30840	10.05740
337.00000	0.00156	0.00100	1.56460	8.30890	10.06160
338.00000	0.00157	0.00100	1.57070	8.30980	10.06490
339.00000	0.00155	0.00100	1.55170	8.31010	10.06690
340.00000	0.00159	0.00100	1.58790	8.31040	10.07020
341.00000	0.00157	0.00100	1.56950	8.31130	10.07190
342.00000	0.00157	0.00100	1.56550	8.31170	10.07490
343.00000	0.00156	0.00100	1.56210	8.31220	10.07770
344.00000	0.00153	0.00100	1.53430	8.31250	10.08030
345.00000	0.00159	0.00100	1.58700	8.31300	10.08180
346.00000	0.00158	0.00099	1.59869	8.31350	10.08450
347.00000	0.00158	0.00100	1.58310	8.31410	10.08630
348.00000	0.00159	0.00100	1.58910	8.31510	10.08980
349.00000	0.00157	0.00100	1.57330	8.31520	10.09180
350.00000	0.00153	0.00100	1.53310	8.31590	10.09470
351.00000	0.00157	0.00100	1.57420	8.31590	10.09740
352.00000	0.00158	0.00101	1.56010	8.31620	10.09990
353.00000	0.00153	0.00100	1.53140	8.31650	10.10280
354.00000	0.00154	0.00100	1.54470	8.31700	10.10490
355.00000	0.00157	0.00100	1.57320	8.31730	10.10670
356.00000	0.00152	0.00100	1.52040	8.31810	10.10960
357.00000	0.00158	0.00100	1.58290	8.31860	10.11200
358.00000	0.00154	0.00100	1.54500	8.31910	10.11480
359.00000	0.00153	0.00100	1.53450	8.31920	10.11560
360.00000	0.00156	0.00100	1.56340	8.31940	10.11840
361.00000	0.00156	0.00101	1.54792	8.31970	10.12140
362.00000	0.00157	0.00100	1.56850	8.32030	10.12430
363.00000	0.00158	0.00100	1.58070	8.32110	10.12590
364.00000	0.00158	0.00100	1.57920	8.32150	10.12930
365.00000	0.00159	0.00100	1.58780	8.32230	10.13330
366.00000	0.00157	0.00100	1.56620	8.32240	10.13350
367.00000	0.00154	0.00100	1.54350	8.32260	10.13560
368.00000	0.00158	0.00100	1.58030	8.32290	10.13570
369.00000	0.00153	0.00100	1.53450	8.32330	10.13750
370.00000	0.00158	0.00100	1.58320	8.32370	10.14060
371.00000	0.00156	0.00100	1.55850	8.32440	10.14340
372.00000	0.00158	0.00100	1.57750	8.32500	10.14550
373.00000	0.00157	0.00100	1.57190	8.32530	10.14800
374.00000	0.00159	0.00100	1.58530	8.32560	10.15110
375.00000	0.00156	0.00100	1.55730	8.32610	10.15320
376.00000	0.00156	0.00100	1.56300	8.32670	10.15390
377.00000	0.00160	0.00100	1.59620	8.32780	10.15680
378.00000	0.00159	0.00100	1.58780	8.32810	10.15980
379.00000	0.00157	0.00100	1.57020	8.32840	10.16110
380.00000	0.00157	0.00100	1.56780	8.32860	10.16490
381.00000	0.00156	0.00100	1.55930	8.32900	10.16700
382.00000	0.00156	0.00100	1.56150	8.32940	10.16820
383.00000	0.00158	0.00099	1.59697	8.32970	10.17280
384.00000	0.00155	0.00100	1.54980	8.33030	10.17430
385.00000	0.00155	0.00100	1.55310	8.33110	10.17820
386.00000	0.00155	0.00100	1.55020	8.33150	10.17900
387.00000	0.00155	0.00100	1.55410	8.33210	10.18300
388.00000	0.00158	0.00100	1.58360	8.33200	10.18360
389.00000	0.00158	0.00100	1.57840	8.33220	10.18580
390.00000	0.00156	0.00100	1.56190	8.33240	10.18860
391.00000	0.00157	0.00100	1.56950	8.33240	10.19050
392.00000	0.00159	0.00100	1.59250	8.33290	10.19230
393.00000	0.00159	0.00100	1.58890	8.33330	10.19520
394.00000	0.00159	0.00100	1.59480	8.33400	10.19680
395.00000	0.00160	0.00100	1.59660	8.33430	10.19730
396.00000	0.00156	0.00100	1.56480	8.33450	10.19950
397.00000	0.00156	0.00100	1.55760	8.33490	10.20280
398.00000	0.00157	0.00100	1.57350	8.33490	10.20350
399.00000	0.00159	0.00100	1.58890	8.33510	10.20600
400.00000	0.00158	0.00100	1.57860	8.33540	10.20830
401.00000	0.00155	0.00100	1.54920	8.33560	10.20860
402.00000	0.00155	0.00100	1.55400	8.33610	10.20970
403.00000	0.00156	0.00100	1.55830	8.33660	10.21230
404.00000	0.00161	0.00100	1.61390	8.33660	10.21460
405.00000	0.00158	0.00100	1.58350	8.33710	10.21480
406.00000	0.00156	0.00100	1.55790	8.33760	10.21850
407.00000	0.00157	0.00100	1.57370	8.33820	10.21960
408.00000	0.00157	0.00100	1.56740	8.33870	10.22110
409.00000	0.00158	0.00100	1.57670	8.33910	10.22210
410.00000	0.00158	0.00100	1.57830	8.33920	10.22330
411.00000	0.00159	0.00100	1.58860	8.33940	10.22520
412.00000	0.00160	0.00100	1.59680	8.33980	10.22730
413.00000	0.00159	0.00099	1.60505	8.33990	10.22860
414.00000	0.00159	0.00100	1.58860	8.34020	10.22990
415.00000	0.00160	0.00100	1.59950	8.34050	10.23150
416.00000	0.00159	0.00100	1.58510	8.34080	10.23370
417.00000	0.00162	0.00100	1.61840	8.34070	10.23570
418.00000	0.00158	0.00099	1.59525	8.34110	10.23530
419.00000	0.00163	0.00100	1.62940	8.34140	10.23830
420.00000	0.00161	0.00100	1.60910	8.34170	10.24050
421.00000	0.00159	0.00100	1.59170	8.34180	10.24170
422.00000	0.00158	0.00100	1.57850	8.34210	10.24300
423.00000	0.00160	0.00101	1.58386	8.34240	10.24530
424.00000	0.00157	0.00100	1.57470	8.34240	10.24870
425.00000	0.00159	0.00100	1.58710	8.34260	10.24790
426.00000	0.00160	0.00100	1.59510	8.34270	10.24840
427.00000	0.00159	0.00100	1.59060	8.34300	10.24920
428.00000	0.00163	0.00100	1.63240	8.34360	10.25200
429.00000	0.00162	0.00100	1.62250	8.34430	10.25470
430.00000	0.00160	0.00100	1.60350	8.34430	10.25680
431.00000	0.00157	0.00100	1.56970	8.34460	10.25680
432.00000	0.00161	0.00100	1.61070	8.34450	10.25900
433.00000	0.00163	0.00100	1.62510	8.34490	10.26070
434.00000	0.00162	0.00100	1.61540	8.34520	10.26100
435.00000	0.00161	0.00100	1.60900	8.34610	10.26260
436.00000	0.00160	0.00100	1.60410	8.34630	10.26500
437.00000	0.00160	0.00100	1.59500	8.34650	10.26580
438.00000	0.00162	0.00099	1.64101	8.34670	10.26730
439.00000	0.00164	0.00100	1.64160	8.34700	10.26890
440.00000	0.00159	0.00100	1.59100	8.34750	10.27050
441.00000	0.00161	0.00099	1.62152	8.34790	10.27190
442.00000	0.00159	0.00100	1.59370	8.34810	10.27430
443.00000	0.00157	0.00100	1.57440	8.34870	10.27500
444.00000	0.00160	0.00100	1.59970	8.34870	10.27630
445.00000	0.00157	0.00100	1.57050	8.34880	10.27570
446.00000	0.00157	0.00101	1.55881	8.34920	10.27960
447.00000	0.00159	0.00100	1.59230	8.34950	10.28030
448.00000	0.00156	0.00100	1.56500	8.35020	10.28170
449.00000	0.00158	0.00100	1.57640	8.35010	10.28240
450.00000	0.00158	0.00100	1.57590	8.35010	10.28420
451.00000	0.00158	0.00100	1.58110	8.34970	10.28590
452.00000	0.00157	0.00100	1.56870	8.34990	10.28600
453.00000	0.00160	0.00100	1.59790	8.35010	10.28770
454.00000	0.00160	0.00100	1.60490	8.35040	10.28920
455.00000	0.00162	0.00100	1.61580	8.35110	10.29090
456.00000	0.00159	0.00100	1.59020	8.35160	10.29240
457.00000	0.00159	0.00100	1.59190	8.35230	10.29290
458.00000	0.00161	0.00100	1.61000	8.35250	10.29260
459.00000	0.00158	0.00101	1.56416	8.35290	10.29340
460.00000	0.00159	0.00101	1.57297	8.35300	10.29590
461.00000	0.00160	0.00100	1.60200	8.35310	10.29880
462.00000	0.00158	0.00100	1.57860	8.35350	10.30030
463.00000	0.00159	0.00100	1.59140	8.35400	10.30060
464.00000	0.00160	0.00100	1.60240	8.35430	10.30140
465.00000	0.00159	0.00100	1.59260	8.35440	10.30240
466.00000	0.00160	0.00100	1.60400	8.35460	10.30450
467.00000	0.00161	0.00100	1.61150	8.35480	10.30710
468.00000	0.00159	0.00100	1.59040	8.35540	10.30720
469.00000	0.00160	0.00100	1.59550	8.35570	10.30930
470.00000	0.00159	0.00100	1.58950	8.35620	10.31080
471.00000	0.00159	0.00100	1.58880	8.35620	10.31120
472.00000	0.00155	0.00100	1.55200	8.35620	10.31330
473.00000	0.00159	0.00100	1.59000	8.35630	10.31330
474.00000	0.00159	0.00100	1.59300	8.35650	10.31590
475.00000	0.00158	0.00100	1.57670	8.35680	10.31590
476.00000	0.00160	0.00100	1.60110	8.35740	10.31680
477.00000	0.00159	0.00100	1.59270	8.35790	10.31740
478.00000	0.00159	0.00100	1.58690	8.35810	10.31930
479.00000	0.00156	0.00100	1.56030	8.35860	10.31860
480.00000	0.00157	0.00100	1.56800	8.35870	10.32040
481.00000	0.00155	0.00100	1.55340	8.35880	10.32290
482.00000	0.00157	0.00100	1.57280	8.35890	10.32460
483.00000	0.00156	0.00100	1.56450	8.35930	10.32460
484.00000	0.00160	0.00100	1.60230	8.35940	10.32730
485.00000	0.00160	0.00100	1.59820	8.35960	10.32840
486.00000	0.00158	0.00100	1.57850	8.35980	10.32850
487.00000	0.00159	0.00100	1.59070	8.36020	10.33010
488.00000	0.00159	0.00100	1.58940	8.36020	10.33090
489.00000	0.00161	0.00100	1.60690	8.36040	10.33160
490.00000	0.00159	0.00100	1.58550	8.36060	10.33400
491.00000	0.00161	0.00100	1.60510	8.36090	10.33360
492.00000	0.00162	0.00100	1.62240	8.36120	10.33320
493.00000	0.00158	0.00100	1.58400	8.36110	10.33510
494.00000	0.00158	0.00100	1.57520	8.36160	10.33740
495.00000	0.00157	0.00100	1.57130	8.36170	10.33930
496.00000	0.00158	0.00100	1.58360	8.36170	10.34130
497.00000	0.00159	0.00101	1.57683	8.36210	10.34220
498.00000	0.00158	0.00100	1.58270	8.36250	10.34130
499.00000	0.00163	0.00100	1.62720	8.36260	10.34300
500.00000	0.00160	0.00100	1.59630	8.36240	10.34530
501.00000	0.00158	0.00100	1.58340	8.36280	10.34530
502.00000	0.00159	0.00099	1.60828	8.36300	10.34630
503.00000	0.00161	0.00100	1.60590	8.36300	10.34420
504.00000	0.00158	0.00100	1.57790	8.36320	10.34680
505.00000	0.00158	0.00100	1.57890	8.36380	10.34880
506.00000	0.00160	0.00100	1.60300	8.36440	10.34930
507.00000	0.00161	0.00100	1.61450	8.36440	10.35180
508.00000	0.00162	0.00100	1.62110	8.36450	10.35320
509.00000	0.00159	0.00100	1.59290	8.36460	10.35330
510.00000	0.00161	0.00100	1.60800	8.36480	10.35250
511.00000	0.00162	0.00100	1.61560	8.36510	10.35280
512.00000	0.00160	0.00100	1.59530	8.36530	10.35400
513.00000	0.00163	0.00100	1.62820	8.36550	10.35620
514.00000	0.00161	0.00100	1.60920	8.36550	10.35660
515.00000	0.00163	0.00100	1.62920	8.36570	10.35600
516.00000	0.00159	0.00100	1.58990	8.36620	10.35790
517.00000	0.00163	0.00099	1.64646	8.36630	10.36000
518.00000	0.00159	0.00100	1.59040	8.36640	10.35970
519.00000	0.00161	0.00100	1.61030	8.36660	10.36120
520.00000	0.00163	0.00100	1.63320	8.36680	10.36260
521.00000	0.00163	0.00100	1.62730	8.36670	10.36520
522.00000	0.00159	0.00100	1.59320	8.36680	10.36490
523.00000	0.00160	0.00101	1.58574	8.36700	10.36520
524.00000	0.00159	0.00100	1.59180	8.36700	10.36680
525.00000	0.00162	0.00100	1.62150	8.36750	10.36730
526.00000	0.00159	0.00100	1.59060	8.36750	10.36780
527.00000	0.00159	0.00100	1.59230	8.36790	10.36860
528.00000	0.00161	0.00100	1.61370	8.36810	10.36970
529.00000	0.00160	0.00100	1.60260	8.36790	10.37060
530.00000	0.00161	0.00100	1.60610	8.36840	10.37060
531.00000	0.00161	0.00100	1.60720	8.36870	10.37230
532.00000	0.00159	0.00100	1.59230	8.36890	10.37140
533.00000	0.00160	0.00100	1.60200	8.36920	10.37480
534.00000	0.00163	0.00100	1.63360	8.36940	10.37740
535.00000	0.00163	0.00101	1.60990	8.36980	10.37630
536.00000	0.00161	0.00099	1.62495	8.37010	10.37850
537.00000	0.00161	0.00100	1.61390	8.37030	10.37800
538.00000	0.00161	0.00100	1.61290	8.37030	10.37970
539.00000	0.00162	0.00100	1.62310	8.37060	10.38050
540.00000	0.00162	0.00100	1.61690	8.37080	10.38000
541.00000	0.00160	0.00100	1.60230	8.37110	10.38190
542.00000	0.00161	0.00100	1.61070	8.37140	10.38180
543.00000	0.00161	0.00100	1.60630	8.37140	10.38190
544.00000	0.00161	0.00099	1.62293	8.37120	10.38310
545.00000	0.00161	0.00100	1.60580	8.37100	10.38570
546.00000	0.00159	0.00100	1.59290	8.37100	10.38640
547.00000	0.00161	0.00100	1.61240	8.37120	10.38640
548.00000	0.00158	0.00100	1.58060	8.37140	10.38610
549.00000	0.00161	0.00100	1.60920	8.37140	10.38750
550.00000	0.00159	0.00100	1.58930	8.37200	10.38860
551.00000	0.00161	0.00100	1.60990	8.37210	10.38770
552.00000	0.00158	0.00100	1.58230	8.37240	10.38880
553.00000	0.00158	0.00101	1.56594	8.37260	10.39010
554.00000	0.00159	0.00100	1.59140	8.37230	10.39010
555.00000	0.00159	0.00100	1.59090	8.37270	10.39120
556.00000	0.00161	0.00100	1.60770	8.37340	10.39180
557.00000	0.00159	0.00100	1.59460	8.37360	10.39290
558.00000	0.00161	0.00100	1.60880	8.37400	10.39300
559.00000	0.00161	0.00100	1.61400	8.37400	10.39460
560.00000	0.00163	0.00100	1.62880	8.37410	10.39460
561.00000	0.00164	0.00100	1.63520	8.37440	10.39480
562.00000	0.00162	0.00100	1.62120	8.37470	10.39740
563.00000	0.00163	0.00100	1.63170	8.37480	10.39730
564.00000	0.00164	0.00100	1.63760	8.37500	10.39730
565.00000	0.00165	0.00100	1.64890	8.37530	10.39870
566.00000	0.00165	0.00100	1.64810	8.37550	10.40010
567.00000	0.00162	0.00100	1.61650	8.37620	10.40220
568.00000	0.00160	0.00100	1.60380	8.37590	10.40130
569.00000	0.00162	0.00100	1.61720	8.37620	10.40450
570.00000	0.00164	0.00100	1.63610	8.37600	10.40410
571.00000	0.00162	0.00100	1.62470	8.37610	10.40550
572.00000	0.00164	0.00100	1.63900	8.37630	10.40390
573.00000	0.00164	0.00100	1.63690	8.37650	10.40290
574.00000	0.00160	0.00100	1.59830	8.37670	10.40470
575.00000	0.00163	0.00100	1.62570	8.37700	10.40570
576.00000	0.00159	0.00100	1.59480	8.37730	10.40570
577.00000	0.00163	0.00100	1.63470	8.37750	10.40730
578.00000	0.00160	0.00100	1.59690	8.37760	10.40780
579.00000	0.00163	0.00100	1.63350	8.37780	10.40910
580.00000	0.00158	0.00100	1.58360	8.37780	10.40940
581.00000	0.00159	0.00100	1.59470	8.37800	10.41060
582.00000	0.00163	0.00100	1.63320	8.37800	10.41140
583.00000	0.00162	0.00101	1.59980	8.37800	10.41370
584.00000	0.00166	0.00100	1.65620	8.37820	10.41450
585.00000	0.00162	0.00100	1.62240	8.37860	10.41290
586.00000	0.00163	0.00100	1.63170	8.37860	10.41390
587.00000	0.00163	0.00100	1.63350	8.37870	10.41390
588.00000	0.00167	0.00100	1.67120	8.37920	10.41570
589.00000	0.00164	0.00100	1.63550	8.37900	10.41710
590.00000	0.00167	0.00100	1.66780	8.37890	10.41640
591.00000	0.00166	0.00100	1.65600	8.37890	10.41770
592.00000	0.00163	0.00099	1.64949	8.37920	10.41660
593.00000	0.00165	0.00100	1.65430	8.37880	10.41790
594.00000	0.00162	0.00100	1.62380	8.37920	10.41950
595.00000	0.00164	0.00100	1.64180	8.37930	10.42110
596.00000	0.00162	0.00100	1.61630	8.37940	10.42020
597.00000	0.00165	0.00100	1.64890	8.37960	10.42070
598.00000	0.00164	0.00100	1.63600	8.37950	10.42030
599.00000	0.00164	0.00101	1.62614	8.37950	10.42150
600.00000	0.00163	0.00100	1.63000	8.37950	10.42010
601.00000	0.00162	0.00100	1.62190	8.37990	10.42070
602.00000	0.00164	0.00100	1.64490	8.37990	10.42250
603.00000	0.00165	0.00100	1.64940	8.38000	10.42310
604.00000	0.00160	0.00100	1.59700	8.38010	10.42440
605.00000	0.00161	0.00100	1.61110	8.38020	10.42560
606.00000	0.00163	0.00099	1.65101	8.38070	10.42590
607.00000	0.00161	0.00100	1.60570	8.38060	10.42570
608.00000	0.00160	0.00100	1.59640	8.38040	10.42670
609.00000	0.00162	0.00101	1.60040	8.38050	10.42570
610.00000	0.00161	0.00100	1.61230	8.38050	10.42750
611.00000	0.00163	0.00100	1.62640	8.38040	10.42770
612.00000	0.00163	0.00100	1.62820	8.38050	10.42840
613.00000	0.00165	0.00100	1.64990	8.38030	10.42920
614.00000	0.00164	0.00100	1.63990	8.38060	10.43110
615.00000	0.00159	0.00100	1.59160	8.38090	10.43080
616.00000	0.00162	0.00100	1.62410	8.38090	10.43170
617.00000	0.00164	0.00100	1.63920	8.38080	10.43270
618.00000	0.00161	0.00100	1.60910	8.38080	10.43330
619.00000	0.00160	0.00100	1.59780	8.38090	10.43250
620.00000	0.00163	0.00100	1.62850	8.38090	10.43150
621.00000	0.00159	0.00100	1.59120	8.38080	10.43350
622.00000	0.00159	0.00100	1.59250	8.38080	10.43340
623.00000	0.00158	0.00100	1.58310	8.38100	10.43480
624.00000	0.00161	0.00100	1.60760	8.38110	10.43690
625.00000	0.00162	0.00100	1.62200	8.38100	10.43770
626.00000	0.00163	0.00100	1.63020	8.38100	10.43730
627.00000	0.00161	0.00099	1.62495	8.38110	10.43710
628.00000	0.00162	0.00099	1.63646	8.38120	10.43910
629.00000	0.00160	0.00100	1.60430	8.38150	10.43960
630.00000	0.00164	0.00100	1.63710	8.38150	10.44050
631.00000	0.00160	0.00100	1.60230	8.38190	10.44040
632.00000	0.00163	0.00100	1.63210	8.38210	10.44050
633.00000	0.00160	0.00100	1.60030	8.38220	10.44030
634.00000	0.00164	0.00100	1.64280	8.38240	10.44000
635.00000	0.00164	0.00100	1.64120	8.38280	10.44010
636.00000	0.00166	0.00100	1.66050	8.38260	10.44210
637.00000	0.00163	0.00100	1.62600	8.38260	10.44130
638.00000	0.00164	0.00100	1.64120	8.38240	10.44190
639.00000	0.00163	0.00100	1.62980	8.38230	10.44340
640.00000	0.00162	0.00100	1.62310	8.38240	10.44270
641.00000	0.00163	0.00100	1.63360	8.38220	10.44340
642.00000	0.00162	0.00100	1.62260	8.38240	10.44410
643.00000	0.00162	0.00100	1.62100	8.38260	10.44610
644.00000	0.00163	0.00100	1.62900	8.38240	10.44480
645.00000	0.00165	0.00100	1.64530	8.38230	10.44670
646.00000	0.00162	0.00100	1.62380	8.38200	10.44680
647.00000	0.00163	0.00100	1.62710	8.38220	10.44750
648.00000	0.00162	0.00100	1.62440	8.38250	10.44580
649.00000	0.00162	0.00100	1.61770	8.38240	10.44750
650.00000	0.00163	0.00100	1.63360	8.38270	10.44860
651.00000	0.00164	0.00100	1.63820	8.38290	10.44770
652.00000	0.00164	0.00100	1.64090	8.38270	10.44950
653.00000	0.00161	0.00100	1.61290	8.38270	10.44790
654.00000	0.00163	0.00100	1.63120	8.38310	10.44890
655.00000	0.00163	0.00100	1.63060	8.38330	10.44890
656.00000	0.00163	0.00100	1.62580	8.38350	10.44980
657.00000	0.00165	0.00100	1.64710	8.38360	10.45130
658.00000	0.00169	0.00100	1.68900	8.38350	10.45140
659.00000	0.00165	0.00100	1.65240	8.38420	10.45110
660.00000	0.00165	0.00100	1.64990	8.38460	10.45190
661.00000	0.00165	0.00100	1.65430	8.38460	10.45200
662.00000	0.00168	0.00100	1.67740	8.38490	10.45180
663.00000	0.00167	0.00100	1.67240	8.38480	10.45220
664.00000	0.00165	0.00100	1.65490	8.38470	10.45370
665.00000	0.00167	0.00100	1.66730	8.38510	10.45370
666.00000	0.00168	0.00100	1.68110	8.38490	10.45510
667.00000	0.00166	0.00100	1.66420	8.38510	10.45520
668.00000	0.00167	0.00100	1.66990	8.38530	10.45460
669.00000	0.00162	0.00100	1.61930	8.38540	10.45600
670.00000	0.00163	0.00100	1.62880	8.38520	10.45690
671.00000	0.00162	0.00100	1.62500	8.38520	10.45810
672.00000	0.00162	0.00100	1.61800	8.38530	10.45810
673.00000	0.00164	0.00100	1.63560	8.38520	10.45830
674.00000	0.00161	0.00100	1.60800	8.38520	10.45870
675.00000	0.00164	0.00100	1.64000	8.38530	10.45830
676.00000	0.00163	0.00100	1.62740	8.38570	10.45800
677.00000	0.00163	0.00100	1.62880	8.38600	10.45910
678.00000	0.00161	0.00100	1.61460	8.38610	10.45840
679.00000	0.00161	0.00100	1.60660	8.38650	10.45940
680.00000	0.00161	0.00100	1.61480	8.38680	10.46050
681.00000	0.00159	0.00100	1.58640	8.38670	10.46000
682.00000	0.00161	0.00100	1.61430	8.38670	10.46030
683.00000	0.00159	0.00100	1.58840	8.38710	10.46000
684.00000	0.00160	0.00100	1.60440	8.38720	10.46170
685.00000	0.00165	0.00101	1.63376	8.38700	10.46410
686.00000	0.00162	0.00100	1.61910	8.38710	10.46190
687.00000	0.00163	0.00100	1.63460	8.38720	10.46280
688.00000	0.00163	0.00100	1.63310	8.38780	10.46310
689.00000	0.00163	0.00100	1.63270	8.38800	10.46150
690.00000	0.00163	0.00100	1.63100	8.38820	10.46310
691.00000	0.00162	0.00100	1.62200	8.38820	10.46580
692.00000	0.00159	0.00100	1.58740	8.38870	10.46630
693.00000	0.00160	0.00100	1.60130	8.38860	10.46600
694.00000	0.00160	0.00100	1.60240	8.38840	10.46500
695.00000	0.00159	0.00100	1.59150	8.38840	10.46570
696.00000	0.00161	0.00100	1.60500	8.38820	10.46660
697.00000	0.00161	0.00100	1.60980	8.38830	10.46800
698.00000	0.00160	0.00100	1.60250	8.38810	10.46770
699.00000	0.00160	0.00100	1.60470	8.38830	10.46690
700.00000	0.00162	0.00100	1.62410	8.38820	10.46760
701.00000	0.00163	0.00100	1.63400	8.38830	10.46890
702.00000	0.00165	0.00100	1.64740	8.38780	10.46970
703.00000	0.00162	0.00100	1.61560	8.38830	10.46850
704.00000	0.00164	0.00100	1.64030	8.38840	10.46940
705.00000	0.00165	0.00100	1.65160	8.38840	10.46920
706.00000	0.00161	0.00101	1.59119	8.38850	10.46960
707.00000	0.00161	0.00100	1.61470	8.38880	10.46960
708.00000	0.00160	0.00100	1.60150	8.38900	10.47070
709.00000	0.00164	0.00100	1.64370	8.38870	10.47020
710.00000	0.00164	0.00100	1.63810	8.38840	10.46940
711.00000	0.00162	0.00100	1.62350	8.38860	10.47080
712.00000	0.00158	0.00100	1.57990	8.38860	10.47320
713.00000	0.00162	0.00100	1.61830	8.38890	10.47370
714.00000	0.00161	0.00100	1.60960	8.38920	10.47390
715.00000	0.00162	0.00100	1.62360	8.38930	10.47280
716.00000	0.00162	0.00100	1.61850	8.38910	10.47320
717.00000	0.00161	0.00100	1.61010	8.38910	10.47440
718.00000	0.00164	0.00100	1.63740	8.38920	10.47360
719.00000	0.00160	0.00100	1.59800	8.38930	10.47290
720.00000	0.00160	0.00101	1.58713	8.38950	10.47410
721.00000	0.00158	0.00100	1.58280	8.38940	10.47530
722.00000	0.00161	0.00100	1.60510	8.38950	10.47640
723.00000	0.00164	0.00100	1.64420	8.38980	10.47660
724.00000	0.00162	0.00100	1.62000	8.39040	10.47590
725.00000	0.00164	0.00100	1.64410	8.39080	10.47810
726.00000	0.00162	0.00100	1.61580	8.39080	10.47650
727.00000	0.00161	0.00100	1.61200	8.39080	10.47800
728.00000	0.00163	0.00100	1.63480	8.39060	10.47930
729.00000	0.00161	0.00100	1.60770	8.39060	10.47840
730.00000	0.00162	0.00101	1.60842	8.39070	10.47880
731.00000	0.00161	0.00100	1.61290	8.39060	10.47730
732.00000	0.00159	0.00100	1.59470	8.39080	10.47710
733.00000	0.00165	0.00100	1.64620	8.39100	10.47970
734.00000	0.00161	0.00100	1.61470	8.39130	10.48050
735.00000	0.00159	0.00100	1.59240	8.39150	10.47910
736.00000	0.00159	0.00100	1.58630	8.39150	10.48140
737.00000	0.00164	0.00100	1.63760	8.39170	10.48190
738.00000	0.00158	0.00100	1.58340	8.39220	10.48150
739.00000	0.00163	0.00100	1.63420	8.39210	10.48220
740.00000	0.00164	0.00100	1.64120	8.39240	10.48110
741.00000	0.00162	0.00100	1.61900	8.39270	10.48230
742.00000	0.00163	0.00100	1.62770	8.39270	10.48110
743.00000	0.00163	0.00101	1.61000	8.39260	10.48060
744.00000	0.00164	0.00100	1.64210	8.39260	10.48240
745.00000	0.00165	0.00101	1.63307	8.39270	10.48330
746.00000	0.00160	0.00100	1.59830	8.39270	10.48460
747.00000	0.00164	0.00100	1.63980	8.39240	10.48320
748.00000	0.00162	0.00100	1.61510	8.39280	10.48310
749.00000	0.00163	0.00100	1.62710	8.39280	10.48370
750.00000	0.00161	0.00100	1.61400	8.39240	10.48520
751.00000	0.00163	0.00100	1.62720	8.39210	10.48510
752.00000	0.00162	0.00100	1.62340	8.39220	10.48570
753.00000	0.00164	0.00100	1.64330	8.39240	10.48550
754.00000	0.00163	0.00100	1.63400	8.39270	10.48440
755.00000	0.00164	0.00100	1.63790	8.39320	10.48520
756.00000	0.00160	0.00100	1.60130	8.39330	10.48650
757.00000	0.00160	0.00100	1.59930	8.39340	10.48580
758.00000	0.00161	0.00101	1.59297	8.39350	10.48560
759.00000	0.00160	0.00100	1.60020	8.39350	10.48600
760.00000	0.00161	0.00100	1.60860	8.39360	10.48680
761.00000	0.00161	0.00100	1.61360	8.39370	10.49000
762.00000	0.00162	0.00100	1.61620	8.39390	10.48800
763.00000	0.00164	0.00100	1.63520	8.39310	10.48910
764.00000	0.00161	0.00100	1.60890	8.38330	10.49160
765.00000	0.00161	0.00100	1.60970	8.40280	10.48560
766.00000	0.00165	0.00100	1.64860	8.50920	10.47580
767.00000	0.00162	0.00100	1.62310	8.72280	10.47400
768.00000	0.00163	0.00100	1.63380	9.03100	10.50850
769.00000	0.00173	0.00100	1.73230	12.32850	10.59760
770.00000	0.00173	0.00100	1.72740	12.53530	10.76230
771.00000	0.00172	0.00100	1.72200	12.86380	11.05820
772.00000	0.00174	0.00100	1.74410	13.28100	11.48220
773.00000	0.00173	0.00100	1.72990	13.76890	11.99700
774.00000	0.00177	0.00100	1.77290	18.67590	12.57800
775.00000	0.00179	0.00100	1.79190	18.78190	13.20060
776.00000	0.00174	0.00100	1.74480	18.99930	13.84910
777.00000	0.00174	0.00100	1.73970	19.30460	14.53060
778.00000	0.00172	0.00099	1.73414	19.67780	15.20050
779.00000	0.00175	0.00100	1.75070	20.10390	15.86340
780.00000	0.00172	0.00100	1.71620	20.56680	16.50640
781.00000	0.00175	0.00100	1.75290	21.06500	17.13710
782.00000	0.00177	0.00101	1.75584	21.58030	17.75110
783.00000	0.00173	0.00100	1.72730	22.11420	18.33950
784.00000	0.00171	0.00100	1.71320	22.65690	18.90250
785.00000	0.00177	0.00100	1.77000	23.20220	19.44720
786.00000	0.00173	0.00100	1.72640	23.75350	19.96080
787.00000	0.00173	0.00100	1.72670	24.29120	20.46480
788.00000	0.00175	0.00100	1.75250	24.83880	20.94610
789.00000	0.00177	0.00100	1.77160	25.36910	21.39420
790.00000	0.00173	0.00100	1.73310	25.89400	21.84500
791.00000	0.00176	0.00100	1.76080	26.41030	22.26730
792.00000	0.00173	0.00100	1.73450	26.89680	22.67740
793.00000	0.00174	0.00100	1.73630	27.33510	23.07950
794.00000	0.00176	0.00100	1.75900	27.68770	23.43690
795.00000	0.00172	0.00100	1.72210	27.96190	23.77200
796.00000	0.00176	0.00100	1.75530	28.16670	24.06980
797.00000	0.00174	0.00100	1.74490	28.30990	24.33770
798.00000	0.00173	0.00100	1.73140	28.40160	24.57630
799.00000	0.00175	0.00100	1.75250	28.44230	24.79570
800.00000	0.00178	0.00100	1.78320	28.43770	24.98820
801.00000	0.00173	0.00100	1.73290	28.39270	25.16360
802.00000	0.00175	0.00100	1.74830	28.31140	25.31950
803.00000	0.00175	0.00100	1.75210	28.20190	25.45560
804.00000	0.00176	0.00100	1.75750	28.06480	25.57540
805.00000	0.00176	0.00100	1.76310	27.90180	25.68030
806.00000	0.00176	0.00100	1.75650	27.71520	25.77270
807.00000	0.00177	0.00100	1.77390	27.50680	25.85230
808.00000	0.00177	0.00100	1.76830	27.27780	25.92190
809.00000	0.00175	0.00100	1.74770	27.02910	25.98140
810.00000	0.00176	0.00100	1.76080	26.76780	26.03400
811.00000	0.00174	0.00100	1.73540	26.49520	26.07800
812.00000	0.00173	0.00100	1.72620	26.20590	26.11330
813.00000	0.00175	0.00100	1.74900	25.90070	26.13960
814.00000	0.00175	0.00100	1.75080	25.58050	26.15690
815.00000	0.00174	0.00100	1.74350	25.25830	26.16360
816.00000	0.00174	0.00100	1.73850	24.92120	26.15630
817.00000	0.00174	0.00100	1.74000	24.56920	26.13750
818.00000	0.00174	0.00100	1.73850	24.20660	26.10290
819.00000	0.00171	0.00099	1.72747	23.84230	26.05420
820.00000	0.00170	0.00100	1.69950	23.46360	25.99080
821.00000	0.00172	0.00100	1.72180	23.06980	25.91530
822.00000	0.00174	0.00100	1.74200	22.67820	25.82570
823.00000	0.00175	0.00100	1.75090	22.27650	25.72190
824.00000	0.00175	0.00100	1.75180	21.86140	25.60270
825.00000	0.00178	0.00100	1.77960	21.45060	25.46650
826.00000	0.00171	0.00100	1.71210	21.03140	25.31540
827.00000	0.00171	0.00100	1.70750	20.60530	25.14650
828.00000	0.00173	0.00100	1.72740	20.18410	24.95960
829.00000	0.00176	0.00100	1.75650	19.75750	24.75470
830.00000	0.00173	0.00100	1.73140	19.33550	24.53940
831.00000	0.00173	0.00100	1.72930	18.91690	24.30990
832.00000	0.00176	0.00100	1.75610	18.50140	24.06290
833.00000	0.00172	0.00100	1.71560	18.09750	23.79780
834.00000	0.00174	0.00100	1.73860	17.69980	23.51670
835.00000	0.00174	0.00100	1.73640	17.31330	23.23310
836.00000	0.00175	0.00100	1.74980	16.93960	22.93480
837.00000	0.00175	0.00100	1.74850	16.57680	22.62250
838.00000	0.00175	0.00100	1.74840	16.23150	22.29740
839.00000	0.00171	0.00100	1.70880	15.89640	21.97800
840.00000	0.00173	0.00100	1.72940	15.58120	21.64970
841.00000	0.00175	0.00100	1.74830	15.27490	21.31240
842.00000	0.00173	0.00100	1.73060	14.98810	20.97550
843.00000	0.00175	0.00100	1.75260	14.70940	20.64620
844.00000	0.00172	0.00099	1.73960	14.44960	20.31460
845.00000	0.00179	0.00100	1.79020	14.19830	19.98870
846.00000	0.00173	0.00101	1.71713	13.96270	19.65770
847.00000	0.00176	0.00100	1.76050	13.73660	19.34280
848.00000	0.00172	0.00100	1.71960	13.52100	19.04170
849.00000	0.00176	0.00100	1.76380	13.31810	18.74600
850.00000	0.00175	0.00100	1.75130	13.12170	18.46580
851.00000	0.00173	0.00099	1.74949	12.93710	18.19210
852.00000	0.00177	0.00100	1.77220	12.76240	17.93140
853.00000	0.00174	0.00100	1.73940	12.59290	17.68440
854.00000	0.00174	0.00100	1.73700	12.43320	17.44140
855.00000	0.00175	0.00100	1.74700	12.28110	17.21610
856.00000	0.00172	0.00100	1.71530	12.13410	17.00150
857.00000	0.00172	0.00100	1.71600	11.99470	16.79240
858.00000	0.00176	0.00100	1.75820	11.86310	16.59860
859.00000	0.00172	0.00100	1.71610	11.73520	16.41250
860.00000	0.00173	0.00100	1.73390	11.61190	16.23230
861.00000	0.00174	0.00100	1.73920	11.49460	16.06390
862.00000	0.00173	0.00100	1.72870	11.38430	15.90410
863.00000	0.00172	0.00100	1.72190	11.27710	15.74880
864.00000	0.00172	0.00100	1.72390	11.17380	15.59800
865.00000	0.00171	0.00100	1.70620	11.07320	15.45860
866.00000	0.00175	0.00100	1.75310	10.97980	15.32420
867.00000	0.00173	0.00100	1.72940	10.89040	15.19330
868.00000	0.00173	0.00100	1.73270	10.80430	15.06640
869.00000	0.00174	0.00100	1.74090	10.72030	14.94880
870.00000	0.00174	0.00100	1.74230	10.63960	14.83420
871.00000	0.00178	0.00100	1.77710	10.56440	14.72370
872.00000	0.00174	0.00100	1.73680	10.49310	14.61570
873.00000	0.00174	0.00100	1.74330	10.42420	14.51070
874.00000	0.00173	0.00100	1.72930	10.35760	14.41240
875.00000	0.00171	0.00100	1.71040	10.29320	14.31650
876.00000	0.00175	0.00100	1.75450	10.23150	14.22430
877.00000	0.00174	0.00100	1.73740	10.17260	14.13350
878.00000	0.00174	0.00100	1.74380	10.11770	14.04510
879.00000	0.00174	0.00100	1.74050	10.06540	13.95910
880.00000	0.00174	0.00100	1.74340	10.01580	13.87820
881.00000	0.00176	0.00100	1.75830	9.96820	13.80030
882.00000	0.00171	0.00100	1.71130	9.92190	13.72290
883.00000	0.00171	0.00100	1.71070	9.87740	13.64870
884.00000	0.00173	0.00100	1.72820	9.83430	13.57600
885.00000	0.00173	0.00100	1.73160	9.79290	13.50510
886.00000	0.00173	0.00100	1.72990	9.75300	13.43660
887.00000	0.00173	0.00100	1.73310	9.71440	13.37140
888.00000	0.00172	0.00100	1.72440	9.67810	13.30830
889.00000	0.00173	0.00100	1.72810	9.64360	13.24700
890.00000	0.00173	0.00100	1.73350	9.60950	13.18850
891.00000	0.00174	0.00100	1.73890	9.57650	13.13060
892.00000	0.00174	0.00100	1.74180	9.54350	13.07400
893.00000	0.00171	0.00100	1.71220	9.51160	13.01810
894.00000	0.00173	0.00100	1.72590	9.48030	12.96520
895.00000	0.00169	0.00100	1.68840	9.44980	12.91240
896.00000	0.00172	0.00100	1.72160	9.41940	12.86280
897.00000	0.00172	0.00100	1.72450	9.38960	12.81600
898.00000	0.00172	0.00100	1.71650	9.35320	12.77140
899.00000	0.00172	0.00100	1.72100	9.30590	12.73090
900.00000	0.00174	0.00100	1.74120	9.25010	12.69260
901.00000	0.00174	0.00100	1.73790	9.19060	12.65700
902.00000	0.00171	0.00100	1.70850	9.12540	12.62470
903.00000	0.00174	0.00100	1.74120	9.05440	12.59210
904.00000	0.00173	0.00100	1.73350	8.97950	12.56210
905.00000	0.00170	0.00100	1.70270	8.90190	12.53350
906.00000	0.00174	0.00100	1.73910	8.82330	12.50460
907.00000	0.00173	0.00100	1.73440	8.74560	12.47670
