Index	V	I	R	T_coldhead	T_sample
0.000	0.006	0.002	3.179	4.278	243.462
1.000	0.006	0.002	3.180	4.277	243.462
2.000	0.006	0.002	3.144	4.277	243.458
3.000	0.006	0.002	3.143	4.277	243.458
4.000	0.006	0.002	3.176	4.277	243.453
5.000	0.006	0.002	3.134	4.277	243.453
6.000	0.006	0.002	3.142	4.277	243.448
7.000	0.006	0.002	3.162	4.276	243.448
8.000	0.006	0.002	3.153	4.276	243.444
9.000	0.006	0.002	3.136	4.276	243.444
10.000	0.006	0.002	3.139	4.276	243.437
11.000	0.006	0.002	3.116	4.276	243.437
12.000	0.006	0.002	3.134	4.276	243.433
13.000	0.006	0.002	3.140	4.277	243.433
14.000	0.006	0.002	3.144	4.277	243.432
15.000	0.006	0.002	3.143	4.277	243.432
16.000	0.006	0.002	3.140	4.277	243.429
17.000	0.006	0.002	3.161	4.278	243.429
18.000	0.006	0.002	3.139	4.278	243.425
19.000	0.006	0.002	3.130	4.278	243.425
20.000	0.006	0.002	3.145	4.278	243.420
21.000	0.006	0.002	3.131	4.277	243.420
22.000	0.006	0.002	3.135	4.277	243.416
23.000	0.006	0.002	3.141	4.277	243.416
24.000	0.006	0.002	3.134	4.277	243.413
25.000	0.006	0.002	3.136	4.277	243.413
26.000	0.006	0.002	3.138	4.277	243.407
27.000	0.006	0.002	3.144	4.276	243.407
28.000	0.006	0.002	3.139	4.276	243.400
29.000	0.006	0.002	3.140	4.276	243.400
30.000	0.006	0.002	3.161	4.276	243.397
31.000	0.006	0.002	3.135	4.276	243.397
32.000	0.006	0.002	3.151	4.276	243.397
33.000	0.006	0.002	3.173	4.277	243.397
34.000	0.006	0.002	3.122	4.277	243.392
35.000	0.006	0.002	3.152	4.277	243.392
36.000	0.006	0.002	3.148	4.277	243.387
37.000	0.006	0.002	3.168	4.278	243.387
38.000	0.006	0.002	3.157	4.278	243.386
39.000	0.006	0.002	3.169	4.278	243.386
40.000	0.006	0.002	3.196	4.278	243.382
41.000	0.006	0.002	3.154	4.277	243.382
42.000	0.006	0.002	3.147	4.277	243.380
43.000	0.006	0.002	3.163	4.277	243.380
44.000	0.006	0.002	3.155	4.277	243.377
45.000	0.006	0.002	3.164	4.277	243.377
46.000	0.006	0.002	3.161	4.277	243.370
47.000	0.006	0.002	3.175	4.277	243.370
48.000	0.006	0.002	3.166	4.277	243.366
49.000	0.006	0.002	3.167	4.276	243.366
50.000	0.006	0.002	3.160	4.276	243.362
51.000	0.006	0.002	3.128	4.276	243.362
52.000	0.006	0.002	3.148	4.276	243.356
53.000	0.006	0.002	3.145	4.277	243.356
54.000	0.006	0.002	3.154	4.277	243.355
55.000	0.006	0.002	3.154	4.277	243.355
56.000	0.006	0.002	3.148	4.277	243.352
57.000	0.006	0.002	3.140	4.278	243.352
58.000	0.006	0.002	3.134	4.278	243.346
59.000	0.006	0.002	3.121	4.278	243.346
60.000	0.006	0.002	3.158	4.278	243.342
61.000	0.006	0.002	3.161	4.277	243.342
62.000	0.006	0.002	3.135	4.277	243.338
63.000	0.006	0.002	3.121	4.277	243.338
64.000	0.006	0.002	3.127	4.277	243.335
65.000	0.006	0.002	3.133	4.277	243.335
66.000	0.006	0.002	3.142	4.277	243.331
67.000	0.006	0.002	3.137	4.276	243.331
68.000	0.006	0.002	3.160	4.276	243.327
69.000	0.006	0.002	3.129	4.276	243.327
70.000	0.006	0.002	3.121	4.276	243.325
71.000	0.006	0.002	3.142	4.276	243.325
72.000	0.006	0.002	3.127	4.276	243.318
73.000	0.006	0.002	3.148	4.277	243.318
74.000	0.006	0.002	3.125	4.277	243.313
75.000	0.006	0.002	3.134	4.277	243.313
76.000	0.006	0.002	3.134	4.277	243.313
77.000	0.006	0.002	3.126	4.278	243.313
78.000	0.006	0.002	3.137	4.278	243.309
79.000	0.006	0.002	3.141	4.278	243.309
80.000	0.006	0.002	3.127	4.278	243.303
81.000	0.006	0.002	3.114	4.277	243.303
82.000	0.006	0.002	3.119	4.277	243.301
83.000	0.006	0.002	3.143	4.277	243.301
84.000	0.006	0.002	3.106	4.277	243.297
85.000	0.006	0.002	3.118	4.277	243.297
86.000	0.006	0.002	3.176	4.277	243.290
87.000	0.006	0.002	3.156	4.276	243.290
88.000	0.006	0.002	3.144	4.276	243.288
89.000	0.006	0.002	3.146	4.276	243.288
90.000	0.006	0.002	3.141	4.276	243.283
91.000	0.006	0.002	3.110	4.276	243.283
92.000	0.006	0.002	3.122	4.276	243.277
93.000	0.006	0.002	3.135	4.277	243.277
94.000	0.006	0.002	3.142	4.277	243.277
95.000	0.006	0.002	3.125	4.277	243.277
96.000	0.006	0.002	3.125	4.277	243.274
97.000	0.006	0.002	3.141	4.278	243.274
98.000	0.006	0.002	3.105	4.278	243.266
99.000	0.006	0.002	3.127	4.277	243.266
100.000	0.006	0.002	3.126	4.277	243.262
101.000	0.006	0.002	3.147	4.277	243.262
102.000	0.006	0.002	3.122	4.277	243.261
103.000	0.006	0.002	3.134	4.277	243.261
104.000	0.006	0.002	3.163	4.277	243.256
105.000	0.006	0.002	3.131	4.277	243.256
106.000	0.006	0.002	3.139	4.277	243.250
107.000	0.006	0.002	3.144	4.276	243.250
108.000	0.006	0.002	3.152	4.276	243.247
109.000	0.006	0.002	3.119	4.276	243.247
110.000	0.006	0.002	3.127	4.276	243.244
111.000	0.006	0.002	3.129	4.276	243.244
112.000	0.006	0.002	3.110	4.276	243.238
113.000	0.006	0.002	3.114	4.276	243.238
114.000	0.006	0.002	3.134	4.276	243.238
115.000	0.006	0.002	3.140	4.277	243.238
116.000	0.006	0.002	3.144	4.277	243.234
117.000	0.006	0.002	3.149	4.278	243.234
118.000	0.006	0.002	3.132	4.278	243.230
119.000	0.006	0.002	3.124	4.277	243.230
120.000	0.006	0.002	3.152	4.277	243.224
121.000	0.006	0.002	3.151	4.277	243.224
122.000	0.006	0.002	3.155	4.277	243.219
123.000	0.006	0.002	3.145	4.277	243.219
124.000	0.006	0.002	3.157	4.277	243.219
125.000	0.006	0.002	3.132	4.277	243.219
126.000	0.006	0.002	3.127	4.276	243.212
127.000	0.006	0.002	3.129	4.276	243.212
128.000	0.006	0.002	3.136	4.276	243.206
129.000	0.006	0.002	3.129	4.276	243.206
130.000	0.006	0.002	3.117	4.276	243.205
131.000	0.006	0.002	3.156	4.276	243.205
132.000	0.006	0.002	3.141	4.276	243.208
133.000	0.006	0.002	3.094	4.276	243.208
134.000	0.006	0.002	3.142	4.277	243.199
135.000	0.006	0.002	3.108	4.277	243.193
136.000	0.006	0.002	3.100	4.278	243.193
137.000	0.006	0.002	3.123	4.278	243.190
138.000	0.006	0.002	3.149	4.277	243.190
139.000	0.006	0.002	3.145	4.277	243.187
140.000	0.006	0.002	3.139	4.277	243.187
141.000	0.006	0.002	3.132	4.277	243.182
142.000	0.006	0.002	3.147	4.277	243.182
143.000	0.006	0.002	3.126	4.277	243.177
144.000	0.006	0.002	3.139	4.277	243.177
145.000	0.006	0.002	3.136	4.277	243.176
146.000	0.006	0.002	3.156	4.276	243.176
147.000	0.006	0.002	3.126	4.276	243.173
148.000	0.006	0.002	3.139	4.276	243.173
149.000	0.006	0.002	3.111	4.276	243.165
150.000	0.006	0.002	3.124	4.276	243.165
151.000	0.006	0.002	3.147	4.276	243.160
152.000	0.006	0.002	3.121	4.276	243.160
153.000	0.006	0.002	3.153	4.277	243.159
154.000	0.006	0.002	3.148	4.277	243.159
155.000	0.006	0.002	3.152	4.277	243.155
156.000	0.006	0.002	3.130	4.277	243.155
157.000	0.006	0.002	3.114	4.277	243.152
158.000	0.006	0.002	3.132	4.277	243.152
159.000	0.006	0.002	3.135	4.277	243.149
160.000	0.006	0.002	3.145	4.277	243.149
161.000	0.006	0.002	3.142	4.277	243.143
162.000	0.006	0.002	3.150	4.277	243.143
163.000	0.006	0.002	3.138	4.277	243.139
164.000	0.006	0.002	3.129	4.277	243.139
165.000	0.006	0.002	3.162	4.276	243.135
166.000	0.006	0.002	3.147	4.276	243.135
167.000	0.006	0.002	3.139	4.276	243.130
168.000	0.006	0.002	3.140	4.276	243.130
169.000	0.006	0.002	3.146	4.276	243.124
170.000	0.006	0.002	3.151	4.276	243.124
171.000	0.006	0.002	3.132	4.276	243.124
172.000	0.006	0.002	3.140	4.276	243.124
173.000	0.006	0.002	3.159	4.277	243.124
174.000	0.006	0.002	3.161	4.277	243.124
175.000	0.006	0.002	3.157	4.277	243.117
176.000	0.006	0.002	3.165	4.277	243.117
177.000	0.006	0.002	3.157	4.277	243.113
178.000	0.006	0.002	3.149	4.277	243.113
179.000	0.006	0.002	3.161	4.277	243.111
180.000	0.006	0.002	3.163	4.277	243.111
181.000	0.006	0.002	3.146	4.277	243.109
182.000	0.006	0.002	3.141	4.277	243.109
183.000	0.006	0.002	3.157	4.277	243.102
184.000	0.006	0.002	3.157	4.277	243.102
185.000	0.006	0.002	3.151	4.276	243.099
186.000	0.006	0.002	3.135	4.276	243.099
187.000	0.006	0.002	3.151	4.276	243.092
188.000	0.006	0.002	3.155	4.276	243.092
189.000	0.006	0.002	3.155	4.276	243.087
190.000	0.006	0.002	3.155	4.276	243.087
191.000	0.006	0.002	3.122	4.276	243.084
192.000	0.006	0.002	3.131	4.276	243.084
193.000	0.006	0.002	3.149	4.277	243.080
194.000	0.006	0.002	3.139	4.277	243.080
195.000	0.006	0.002	3.118	4.277	243.079
196.000	0.006	0.002	3.132	4.277	243.079
197.000	0.006	0.002	3.139	4.277	243.078
198.000	0.006	0.002	3.141	4.277	243.078
199.000	0.006	0.002	3.134	4.277	243.079
200.000	0.006	0.002	3.150	4.277	243.079
201.000	0.006	0.002	3.166	4.277	243.064
202.000	0.006	0.002	3.158	4.277	243.064
203.000	0.006	0.002	3.135	4.277	243.060
204.000	0.006	0.002	3.146	4.277	243.060
205.000	0.006	0.002	3.142	4.276	243.057
206.000	0.006	0.002	3.138	4.276	243.057
207.000	0.006	0.002	3.124	4.276	243.052
208.000	0.006	0.002	3.123	4.276	243.052
209.000	0.006	0.002	3.134	4.276	243.048
210.000	0.006	0.002	3.147	4.276	243.048
211.000	0.006	0.002	3.157	4.276	243.048
212.000	0.006	0.002	3.128	4.276	243.048
213.000	0.006	0.002	3.131	4.277	243.045
214.000	0.006	0.002	3.139	4.277	243.045
215.000	0.006	0.002	3.156	4.277	243.039
216.000	0.006	0.002	3.183	4.277	243.039
217.000	0.006	0.002	3.159	4.277	243.037
218.000	0.006	0.002	3.164	4.277	243.037
219.000	0.006	0.002	3.163	4.277	243.033
220.000	0.006	0.002	3.143	4.277	243.033
221.000	0.006	0.002	3.158	4.277	243.029
222.000	0.006	0.002	3.125	4.277	243.029
223.000	0.006	0.002	3.157	4.277	243.024
224.000	0.006	0.002	3.113	4.277	243.024
225.000	0.006	0.002	3.141	4.276	243.018
226.000	0.006	0.002	3.152	4.276	243.018
227.000	0.006	0.002	3.147	4.276	243.016
228.000	0.006	0.002	3.121	4.276	243.016
229.000	0.006	0.002	3.153	4.276	243.014
230.000	0.006	0.002	3.133	4.276	243.014
231.000	0.006	0.002	3.151	4.276	243.008
232.000	0.006	0.002	3.140	4.276	243.008
233.000	0.006	0.002	3.124	4.277	243.006
234.000	0.006	0.002	3.150	4.277	243.006
235.000	0.006	0.002	3.107	4.277	243.003
236.000	0.006	0.002	3.152	4.277	243.003
237.000	0.006	0.002	3.106	4.277	242.999
238.000	0.006	0.002	3.125	4.277	242.999
239.000	0.006	0.002	3.145	4.277	242.991
240.000	0.006	0.002	3.158	4.277	242.991
241.000	0.006	0.002	3.129	4.277	242.989
242.000	0.006	0.002	3.122	4.277	242.989
243.000	0.006	0.002	3.119	4.277	242.986
244.000	0.006	0.002	3.110	4.277	242.986
245.000	0.006	0.002	3.122	4.276	242.979
246.000	0.006	0.002	3.153	4.276	242.979
247.000	0.006	0.002	3.142	4.276	242.975
248.000	0.006	0.002	3.140	4.276	242.975
249.000	0.006	0.002	3.146	4.276	242.971
250.000	0.006	0.002	3.196	4.276	242.971
251.000	0.006	0.002	3.138	4.276	242.968
252.000	0.006	0.002	3.124	4.276	242.968
253.000	0.006	0.002	3.129	4.277	242.967
254.000	0.006	0.002	3.133	4.277	242.967
255.000	0.006	0.002	3.129	4.277	242.961
256.000	0.006	0.002	3.144	4.277	242.961
257.000	0.006	0.002	3.138	4.277	242.959
258.000	0.006	0.002	3.150	4.277	242.959
259.000	0.006	0.002	3.152	4.277	242.956
260.000	0.006	0.002	3.148	4.277	242.956
261.000	0.006	0.002	3.170	4.277	242.950
262.000	0.006	0.002	3.124	4.277	242.950
263.000	0.006	0.002	3.138	4.277	242.943
264.000	0.006	0.002	3.154	4.277	242.943
265.000	0.006	0.002	3.130	4.276	242.939
266.000	0.006	0.002	3.155	4.276	242.939
267.000	0.006	0.002	3.137	4.276	242.937
268.000	0.006	0.002	3.147	4.276	242.937
269.000	0.006	0.002	3.169	4.276	242.932
270.000	0.006	0.002	3.143	4.276	242.932
271.000	0.006	0.002	3.151	4.276	242.929
272.000	0.006	0.002	3.145	4.276	242.929
273.000	0.006	0.002	3.145	4.277	242.933
274.000	0.006	0.002	3.182	4.277	242.933
275.000	0.006	0.002	3.155	4.277	242.929
276.000	0.006	0.002	3.168	4.277	242.929
277.000	0.006	0.002	3.127	4.277	242.918
278.000	0.006	0.002	3.162	4.277	242.918
279.000	0.006	0.002	3.155	4.277	242.914
280.000	0.006	0.002	3.127	4.277	242.914
281.000	0.006	0.002	3.126	4.277	242.913
282.000	0.006	0.002	3.153	4.277	242.913
283.000	0.006	0.002	3.154	4.277	242.911
284.000	0.006	0.002	3.162	4.277	242.911
285.000	0.006	0.002	3.154	4.276	242.904
286.000	0.006	0.002	3.139	4.276	242.904
287.000	0.006	0.002	3.124	4.276	242.899
288.000	0.006	0.002	3.154	4.276	242.899
289.000	0.006	0.002	3.137	4.276	242.894
290.000	0.006	0.002	3.137	4.276	242.894
291.000	0.006	0.002	3.136	4.276	242.888
292.000	0.006	0.002	3.132	4.276	242.888
293.000	0.006	0.002	3.131	4.277	242.887
294.000	0.006	0.002	3.114	4.277	242.887
295.000	0.006	0.002	3.151	4.277	242.888
296.000	0.006	0.002	3.130	4.277	242.888
297.000	0.006	0.002	3.124	4.277	242.883
298.000	0.006	0.002	3.131	4.277	242.883
299.000	0.006	0.002	3.135	4.277	242.878
300.000	0.006	0.002	3.133	4.277	242.878
301.000	0.006	0.002	3.130	4.277	242.876
302.000	0.006	0.002	3.130	4.277	242.876
303.000	0.006	0.002	3.150	4.277	242.871
304.000	0.006	0.002	3.145	4.277	242.871
305.000	0.006	0.002	3.169	4.276	242.865
306.000	0.006	0.002	3.150	4.276	242.865
307.000	0.006	0.002	3.165	4.276	242.861
308.000	0.006	0.002	3.144	4.276	242.861
309.000	0.006	0.002	3.135	4.276	242.856
310.000	0.006	0.002	3.143	4.276	242.856
311.000	0.006	0.002	3.146	4.276	242.855
312.000	0.006	0.002	3.107	4.276	242.855
313.000	0.006	0.002	3.149	4.277	242.854
314.000	0.006	0.002	3.155	4.277	242.854
315.000	0.006	0.002	3.142	4.277	242.850
316.000	0.006	0.002	3.146	4.277	242.850
317.000	0.006	0.002	3.140	4.277	242.847
318.000	0.006	0.002	3.135	4.277	242.847
319.000	0.006	0.002	3.132	4.277	242.843
320.000	0.006	0.002	3.140	4.277	242.843
321.000	0.006	0.002	3.135	4.277	242.840
322.000	0.006	0.002	3.148	4.277	242.840
323.000	0.006	0.002	3.139	4.277	242.832
324.000	0.006	0.002	3.155	4.277	242.832
325.000	0.006	0.002	3.184	4.276	242.827
326.000	0.006	0.002	3.171	4.276	242.827
327.000	0.006	0.002	3.117	4.276	242.826
328.000	0.006	0.002	3.169	4.276	242.826
329.000	0.006	0.002	3.144	4.276	242.821
330.000	0.006	0.002	3.146	4.276	242.821
331.000	0.006	0.002	3.152	4.276	242.820
332.000	0.006	0.002	3.156	4.276	242.820
333.000	0.006	0.002	3.172	4.277	242.817
334.000	0.006	0.002	3.167	4.277	242.817
335.000	0.006	0.002	3.158	4.277	242.810
336.000	0.006	0.002	3.144	4.277	242.810
337.000	0.006	0.002	3.138	4.277	242.808
338.000	0.006	0.002	3.157	4.277	242.808
339.000	0.006	0.002	3.177	4.277	242.807
340.000	0.006	0.002	3.151	4.277	242.807
341.000	0.006	0.002	3.126	4.277	242.802
342.000	0.006	0.002	3.147	4.277	242.802
343.000	0.006	0.002	3.142	4.277	242.800
344.000	0.006	0.002	3.151	4.277	242.800
345.000	0.006	0.002	3.144	4.276	242.792
346.000	0.006	0.002	3.140	4.276	242.792
347.000	0.006	0.002	3.124	4.276	242.784
348.000	0.006	0.002	3.160	4.276	242.784
349.000	0.006	0.002	3.150	4.276	242.783
350.000	0.006	0.002	3.146	4.276	242.783
351.000	0.006	0.002	3.136	4.276	242.780
352.000	0.006	0.002	3.118	4.276	242.780
353.000	0.006	0.002	3.127	4.277	242.779
354.000	0.006	0.002	3.146	4.277	242.779
355.000	0.006	0.002	3.158	4.277	242.773
356.000	0.006	0.002	3.157	4.277	242.773
357.000	0.006	0.002	3.143	4.277	242.771
358.000	0.006	0.002	3.129	4.277	242.771
359.000	0.006	0.002	3.103	4.277	242.772
360.000	0.006	0.002	3.149	4.277	242.772
361.000	0.006	0.002	3.128	4.277	242.760
362.000	0.006	0.002	3.127	4.277	242.760
363.000	0.006	0.002	3.099	4.277	242.755
364.000	0.006	0.002	3.121	4.277	242.755
365.000	0.006	0.002	3.127	4.276	242.754
366.000	0.006	0.002	3.140	4.276	242.754
367.000	0.006	0.002	3.131	4.276	242.749
368.000	0.006	0.002	3.143	4.276	242.749
369.000	0.006	0.002	3.127	4.276	242.744
370.000	0.006	0.002	3.136	4.276	242.744
371.000	0.006	0.002	3.136	4.276	242.742
372.000	0.006	0.002	3.158	4.276	242.742
373.000	0.006	0.002	3.140	4.277	242.745
374.000	0.006	0.002	3.136	4.277	242.745
375.000	0.006	0.002	3.150	4.277	242.734
376.000	0.006	0.002	3.122	4.277	242.734
377.000	0.006	0.002	3.155	4.277	242.729
378.000	0.006	0.002	3.134	4.277	242.729
379.000	0.006	0.002	3.133	4.277	242.728
380.000	0.006	0.002	3.145	4.277	242.728
381.000	0.006	0.002	3.143	4.277	242.723
382.000	0.006	0.002	3.180	4.277	242.723
383.000	0.006	0.002	3.159	4.277	242.718
384.000	0.006	0.002	3.136	4.277	242.718
385.000	0.006	0.002	3.146	4.276	242.715
386.000	0.006	0.002	3.148	4.276	242.715
387.000	0.006	0.002	3.149	4.276	242.712
388.000	0.006	0.002	3.146	4.276	242.712
389.000	0.006	0.002	3.146	4.276	242.708
390.000	0.006	0.002	3.143	4.276	242.708
391.000	0.006	0.002	3.137	4.276	242.698
392.000	0.006	0.002	3.132	4.276	242.698
393.000	0.006	0.002	3.124	4.277	242.692
394.000	0.006	0.002	3.135	4.277	242.692
395.000	0.006	0.002	3.130	4.277	242.695
396.000	0.006	0.002	3.157	4.277	242.695
397.000	0.006	0.002	3.121	4.277	242.696
398.000	0.006	0.002	3.123	4.277	242.696
399.000	0.006	0.002	3.126	4.277	242.689
400.000	0.006	0.002	3.140	4.277	242.689
401.000	0.006	0.002	3.151	4.277	242.687
402.000	0.006	0.002	3.128	4.277	242.687
403.000	0.006	0.002	3.129	4.277	242.689
404.000	0.006	0.002	3.133	4.277	242.689
405.000	0.006	0.002	3.128	4.276	242.679
406.000	0.006	0.002	3.141	4.276	242.679
407.000	0.006	0.002	3.136	4.276	242.671
408.000	0.006	0.002	3.169	4.276	242.671
409.000	0.006	0.002	3.150	4.276	242.668
410.000	0.006	0.002	3.164	4.276	242.668
411.000	0.006	0.002	3.123	4.276	242.666
412.000	0.006	0.002	3.153	4.276	242.666
413.000	0.006	0.002	3.142	4.277	242.669
414.000	0.006	0.002	3.115	4.277	242.669
415.000	0.006	0.002	3.142	4.277	242.663
416.000	0.006	0.002	3.161	4.277	242.663
417.000	0.006	0.002	3.143	4.277	242.659
418.000	0.006	0.002	3.147	4.277	242.659
419.000	0.006	0.002	3.147	4.277	242.654
420.000	0.006	0.002	3.130	4.277	242.654
421.000	0.006	0.002	3.133	4.277	242.652
422.000	0.006	0.002	3.127	4.277	242.652
423.000	0.006	0.002	3.115	4.277	242.650
424.000	0.006	0.002	3.129	4.277	242.650
425.000	0.006	0.002	3.142	4.276	242.639
426.000	0.006	0.002	3.124	4.276	242.639
427.000	0.006	0.002	3.114	4.276	242.633
428.000	0.006	0.002	3.126	4.276	242.633
429.000	0.006	0.002	3.116	4.276	242.636
430.000	0.006	0.002	3.129	4.276	242.636
431.000	0.006	0.002	3.130	4.276	242.631
432.000	0.006	0.002	3.126	4.276	242.631
433.000	0.006	0.002	3.123	4.277	242.626
434.000	0.006	0.002	3.146	4.277	242.626
435.000	0.006	0.002	3.122	4.277	242.623
436.000	0.006	0.002	3.122	4.277	242.623
437.000	0.006	0.002	3.147	4.277	242.621
438.000	0.006	0.002	3.121	4.277	242.621
439.000	0.006	0.002	3.132	4.277	242.619
440.000	0.006	0.002	3.148	4.277	242.619
441.000	0.006	0.002	3.141	4.277	242.611
442.000	0.006	0.002	3.136	4.277	242.611
443.000	0.006	0.002	3.131	4.277	242.607
444.000	0.006	0.002	3.129	4.277	242.607
445.000	0.006	0.002	3.168	4.276	242.606
446.000	0.006	0.002	3.134	4.276	242.606
447.000	0.006	0.002	3.110	4.276	242.602
448.000	0.006	0.002	3.112	4.276	242.602
449.000	0.006	0.002	3.124	4.276	242.597
450.000	0.006	0.002	3.130	4.276	242.597
451.000	0.006	0.002	3.137	4.276	242.593
452.000	0.006	0.002	3.139	4.276	242.593
453.000	0.006	0.002	3.154	4.277	242.590
454.000	0.006	0.002	3.096	4.277	242.590
455.000	0.006	0.002	3.102	4.277	242.585
456.000	0.006	0.002	3.133	4.277	242.585
457.000	0.006	0.002	3.117	4.277	242.584
458.000	0.006	0.002	3.137	4.277	242.584
459.000	0.006	0.002	3.136	4.277	242.582
460.000	0.006	0.002	3.129	4.277	242.582
461.000	0.006	0.002	3.131	4.277	242.578
462.000	0.006	0.002	3.137	4.277	242.578
463.000	0.006	0.002	3.135	4.277	242.572
464.000	0.006	0.002	3.121	4.277	242.572
465.000	0.006	0.002	3.145	4.276	242.567
466.000	0.006	0.002	3.143	4.276	242.567
467.000	0.006	0.002	3.147	4.276	242.564
468.000	0.006	0.002	3.135	4.276	242.564
469.000	0.006	0.002	3.121	4.276	242.558
470.000	0.006	0.002	3.120	4.276	242.558
471.000	0.006	0.002	3.118	4.276	242.557
472.000	0.006	0.002	3.128	4.276	242.557
473.000	0.006	0.002	3.136	4.277	242.556
474.000	0.006	0.002	3.151	4.277	242.556
475.000	0.006	0.002	3.145	4.277	242.553
476.000	0.006	0.002	3.151	4.277	242.553
477.000	0.006	0.002	3.118	4.277	242.549
478.000	0.006	0.002	3.140	4.277	242.549
479.000	0.006	0.002	3.135	4.277	242.545
480.000	0.006	0.002	3.127	4.277	242.545
481.000	0.006	0.002	3.110	4.277	242.542
482.000	0.006	0.002	3.133	4.277	242.542
483.000	0.006	0.002	3.130	4.277	242.540
484.000	0.006	0.002	3.120	4.277	242.540
485.000	0.006	0.002	3.139	4.277	242.530
486.000	0.006	0.002	3.146	4.277	242.530
487.000	0.006	0.002	3.170	4.276	242.527
488.000	0.006	0.002	3.173	4.276	242.527
489.000	0.006	0.002	3.168	4.276	242.519
490.000	0.006	0.002	3.173	4.276	242.519
491.000	0.006	0.002	3.150	4.276	242.514
492.000	0.006	0.002	3.154	4.276	242.514
493.000	0.006	0.002	3.146	4.277	242.516
494.000	0.006	0.002	3.171	4.277	242.516
495.000	0.006	0.002	3.136	4.277	242.506
496.000	0.006	0.002	3.134	4.277	242.506
497.000	0.006	0.002	3.164	4.278	242.503
498.000	0.006	0.002	3.131	4.278	242.503
499.000	0.006	0.002	3.155	4.277	242.507
500.000	0.006	0.002	3.141	4.277	242.507
501.000	0.006	0.002	3.121	4.277	242.502
502.000	0.006	0.002	3.158	4.277	242.502
503.000	0.006	0.002	3.134	4.277	242.499
504.000	0.006	0.002	3.127	4.277	242.499
505.000	0.006	0.002	3.127	4.277	242.493
506.000	0.006	0.002	3.101	4.277	242.493
507.000	0.006	0.002	3.120	4.276	242.486
508.000	0.006	0.002	3.115	4.276	242.486
509.000	0.006	0.002	3.138	4.276	242.485
510.000	0.006	0.002	3.138	4.276	242.485
511.000	0.006	0.002	3.141	4.276	242.481
512.000	0.006	0.002	3.132	4.276	242.481
513.000	0.006	0.002	3.130	4.277	242.480
514.000	0.006	0.002	3.136	4.277	242.480
515.000	0.006	0.002	3.151	4.277	242.480
516.000	0.006	0.002	3.137	4.277	242.480
517.000	0.006	0.002	3.142	4.278	242.477
518.000	0.006	0.002	3.177	4.278	242.477
519.000	0.006	0.002	3.141	4.277	242.468
520.000	0.006	0.002	3.138	4.277	242.468
521.000	0.006	0.002	3.142	4.277	242.466
522.000	0.006	0.002	3.129	4.277	242.466
523.000	0.006	0.002	3.118	4.277	242.465
524.000	0.006	0.002	3.119	4.277	242.465
525.000	0.006	0.002	3.165	4.277	242.460
526.000	0.006	0.002	3.164	4.277	242.460
527.000	0.006	0.002	3.138	4.276	242.451
528.000	0.006	0.002	3.124	4.276	242.451
529.000	0.006	0.002	3.114	4.276	242.449
530.000	0.006	0.002	3.139	4.276	242.449
531.000	0.006	0.002	3.134	4.276	242.446
532.000	0.006	0.002	3.197	4.276	242.446
533.000	0.006	0.002	3.144	4.277	242.442
534.000	0.006	0.002	3.142	4.277	242.442
535.000	0.006	0.002	3.162	4.277	242.439
536.000	0.006	0.002	3.165	4.277	242.439
537.000	0.006	0.002	3.136	4.278	242.436
538.000	0.006	0.002	3.143	4.278	242.436
539.000	0.006	0.002	3.136	4.277	242.433
540.000	0.006	0.002	3.136	4.277	242.433
541.000	0.006	0.002	3.128	4.277	242.427
542.000	0.006	0.002	3.137	4.277	242.427
543.000	0.006	0.002	3.134	4.277	242.426
544.000	0.006	0.002	3.154	4.277	242.426
545.000	0.006	0.002	3.168	4.277	242.422
546.000	0.006	0.002	3.139	4.277	242.422
547.000	0.006	0.002	3.153	4.276	242.416
548.000	0.006	0.002	3.133	4.276	242.416
549.000	0.006	0.002	3.138	4.276	242.416
550.000	0.006	0.002	3.115	4.276	242.416
551.000	0.006	0.002	3.118	4.276	242.413
552.000	0.006	0.002	3.160	4.276	242.413
553.000	0.006	0.002	3.155	4.277	242.409
554.000	0.006	0.002	3.169	4.277	242.409
555.000	0.006	0.002	3.148	4.277	242.404
556.000	0.006	0.002	3.143	4.277	242.404
557.000	0.006	0.002	3.150	4.278	242.401
558.000	0.006	0.002	3.158	4.278	242.401
559.000	0.006	0.002	3.132	4.277	242.402
560.000	0.006	0.002	3.114	4.277	242.402
561.000	0.006	0.002	3.131	4.277	242.400
562.000	0.006	0.002	3.136	4.277	242.400
563.000	0.006	0.002	3.102	4.277	242.395
564.000	0.006	0.002	3.119	4.277	242.395
565.000	0.006	0.002	3.088	4.277	242.390
566.000	0.006	0.002	3.110	4.277	242.390
567.000	0.006	0.002	3.114	4.276	242.385
568.000	0.006	0.002	3.125	4.276	242.385
569.000	0.006	0.002	3.116	4.276	242.378
570.000	0.006	0.002	3.103	4.276	242.378
571.000	0.006	0.002	3.098	4.276	242.372
572.000	0.006	0.002	3.126	4.276	242.372
573.000	0.006	0.002	3.124	4.277	242.372
574.000	0.006	0.002	3.112	4.277	242.372
575.000	0.006	0.002	3.095	4.277	242.369
576.000	0.006	0.002	3.113	4.277	242.369
577.000	0.006	0.002	3.093	4.278	242.362
578.000	0.006	0.002	3.122	4.278	242.362
579.000	0.006	0.002	3.121	4.277	242.360
580.000	0.006	0.002	3.096	4.277	242.360
581.000	0.006	0.002	3.085	4.277	242.360
582.000	0.006	0.002	3.139	4.277	242.360
583.000	0.006	0.002	3.125	4.277	242.357
584.000	0.006	0.002	3.128	4.277	242.357
585.000	0.006	0.002	3.151	4.277	242.351
586.000	0.006	0.002	3.142	4.277	242.351
587.000	0.006	0.002	3.157	4.276	242.350
588.000	0.006	0.002	3.150	4.276	242.350
589.000	0.006	0.002	3.125	4.276	242.344
590.000	0.006	0.002	3.142	4.276	242.344
591.000	0.006	0.002	3.107	4.276	242.342
592.000	0.006	0.002	3.127	4.276	242.342
593.000	0.006	0.002	3.119	4.277	242.336
594.000	0.006	0.002	3.099	4.277	242.336
595.000	0.006	0.002	3.125	4.277	242.328
596.000	0.006	0.002	3.116	4.277	242.328
597.000	0.006	0.002	3.128	4.277	242.324
598.000	0.006	0.002	3.120	4.277	242.324
599.000	0.006	0.002	3.146	4.277	242.326
600.000	0.006	0.002	3.157	4.277	242.326
601.000	0.006	0.002	3.146	4.277	242.327
602.000	0.006	0.002	3.142	4.277	242.327
603.000	0.006	0.002	3.143	4.277	242.317
604.000	0.006	0.002	3.131	4.277	242.317
605.000	0.006	0.002	3.139	4.277	242.314
606.000	0.006	0.002	3.145	4.277	242.314
607.000	0.006	0.002	3.130	4.276	242.310
608.000	0.006	0.002	3.137	4.276	242.310
609.000	0.006	0.002	3.156	4.276	242.304
610.000	0.006	0.002	3.136	4.276	242.304
611.000	0.006	0.002	3.166	4.276	242.300
612.000	0.006	0.002	3.150	4.276	242.300
613.000	0.006	0.002	3.166	4.276	242.299
614.000	0.006	0.002	3.150	4.276	242.299
615.000	0.006	0.002	3.169	4.277	242.297
616.000	0.006	0.002	3.159	4.277	242.297
617.000	0.006	0.002	3.146	4.277	242.288
618.000	0.006	0.002	3.164	4.277	242.288
619.000	0.006	0.002	3.151	4.277	242.285
620.000	0.006	0.002	3.152	4.277	242.285
621.000	0.006	0.002	3.138	4.277	242.287
622.000	0.006	0.002	3.152	4.277	242.287
623.000	0.006	0.002	3.176	4.277	242.284
624.000	0.006	0.002	3.144	4.277	242.284
625.000	0.006	0.002	3.178	4.277	242.278
626.000	0.006	0.002	3.133	4.277	242.278
627.000	0.006	0.002	3.182	4.276	242.277
628.000	0.006	0.002	3.166	4.276	242.277
629.000	0.006	0.002	3.136	4.276	242.270
630.000	0.006	0.002	3.158	4.276	242.270
631.000	0.006	0.002	3.133	4.276	242.265
632.000	0.006	0.002	3.156	4.276	242.265
633.000	0.006	0.002	3.149	4.276	242.264
634.000	0.006	0.002	3.122	4.276	242.264
635.000	0.006	0.002	3.162	4.277	242.256
636.000	0.006	0.002	3.140	4.277	242.252
637.000	0.006	0.002	3.152	4.277	242.254
638.000	0.006	0.002	3.127	4.277	242.251
639.000	0.006	0.002	3.157	4.277	242.251
640.000	0.006	0.002	3.123	4.277	242.247
641.000	0.006	0.002	3.122	4.277	242.247
642.000	0.006	0.002	3.140	4.277	242.246
643.000	0.006	0.002	3.118	4.277	242.246
644.000	0.006	0.002	3.146	4.277	242.240
645.000	0.006	0.002	3.127	4.276	242.240
646.000	0.006	0.002	3.152	4.276	242.238
647.000	0.006	0.002	3.134	4.276	242.238
648.000	0.006	0.002	3.139	4.276	242.235
649.000	0.006	0.002	3.135	4.276	242.235
650.000	0.006	0.002	3.156	4.276	242.230
651.000	0.006	0.002	3.143	4.277	242.230
652.000	0.006	0.002	3.132	4.277	242.225
653.000	0.006	0.002	3.147	4.277	242.225
654.000	0.006	0.002	3.140	4.277	242.223
655.000	0.006	0.002	3.129	4.278	242.223
656.000	0.006	0.002	3.129	4.278	242.221
657.000	0.006	0.002	3.149	4.277	242.221
658.000	0.006	0.002	3.123	4.277	242.216
659.000	0.006	0.002	3.133	4.277	242.216
660.000	0.006	0.002	3.146	4.277	242.208
661.000	0.006	0.002	3.159	4.277	242.208
662.000	0.006	0.002	3.157	4.277	242.209
663.000	0.006	0.002	3.154	4.277	242.209
664.000	0.006	0.002	3.134	4.277	242.204
665.000	0.006	0.002	3.139	4.276	242.204
666.000	0.006	0.002	3.149	4.276	242.197
667.000	0.006	0.002	3.116	4.276	242.197
668.000	0.006	0.002	3.121	4.276	242.197
669.000	0.006	0.002	3.146	4.276	242.197
670.000	0.006	0.002	3.140	4.276	242.194
671.000	0.006	0.002	3.160	4.276	242.194
672.000	0.006	0.002	3.149	4.276	242.193
673.000	0.006	0.002	3.127	4.277	242.193
674.000	0.006	0.002	3.123	4.277	242.191
675.000	0.006	0.002	3.139	4.278	242.191
676.000	0.006	0.002	3.134	4.278	242.189
677.000	0.006	0.002	3.132	4.277	242.189
678.000	0.006	0.002	3.149	4.277	242.185
679.000	0.006	0.002	3.159	4.277	242.185
680.000	0.006	0.002	3.174	4.277	242.181
681.000	0.006	0.002	3.155	4.277	242.181
682.000	0.006	0.002	3.139	4.277	242.175
683.000	0.006	0.002	3.157	4.277	242.175
684.000	0.006	0.002	3.138	4.277	242.173
685.000	0.006	0.002	3.146	4.276	242.173
686.000	0.006	0.002	3.110	4.276	242.168
687.000	0.006	0.002	3.115	4.276	242.168
688.000	0.006	0.002	3.138	4.276	242.161
689.000	0.006	0.002	3.159	4.276	242.161
690.000	0.006	0.002	3.155	4.276	242.158
691.000	0.006	0.002	3.143	4.276	242.158
692.000	0.006	0.002	3.139	4.276	242.157
693.000	0.006	0.002	3.147	4.277	242.157
694.000	0.006	0.002	3.145	4.277	242.154
695.000	0.006	0.002	3.132	4.278	242.154
696.000	0.006	0.002	3.123	4.278	242.152
697.000	0.006	0.002	3.150	4.277	242.152
698.000	0.006	0.002	3.121	4.277	242.151
699.000	0.006	0.002	3.131	4.277	242.151
700.000	0.006	0.002	3.115	4.277	242.141
701.000	0.006	0.002	3.149	4.277	242.141
702.000	0.006	0.002	3.134	4.277	242.136
703.000	0.006	0.002	3.147	4.277	242.136
704.000	0.006	0.002	3.155	4.277	242.132
705.000	0.006	0.002	3.116	4.276	242.132
706.000	0.006	0.002	3.107	4.276	242.126
707.000	0.006	0.002	3.121	4.276	242.126
708.000	0.006	0.002	3.136	4.276	242.126
709.000	0.006	0.002	3.122	4.276	242.126
710.000	0.006	0.002	3.142	4.276	242.121
711.000	0.006	0.002	3.141	4.276	242.121
712.000	0.006	0.002	3.144	4.276	242.121
713.000	0.006	0.002	3.127	4.277	242.121
714.000	0.006	0.002	3.103	4.277	242.120
715.000	0.006	0.002	3.151	4.278	242.120
716.000	0.006	0.002	3.114	4.278	242.115
717.000	0.006	0.002	3.143	4.277	242.115
718.000	0.006	0.002	3.105	4.277	242.113
719.000	0.006	0.002	3.111	4.277	242.113
720.000	0.006	0.002	3.124	4.277	242.104
721.000	0.006	0.002	3.150	4.277	242.104
722.000	0.006	0.002	3.123	4.277	242.096
723.000	0.006	0.002	3.092	4.277	242.096
724.000	0.006	0.002	3.095	4.277	242.094
725.000	0.006	0.002	3.110	4.276	242.094
726.000	0.006	0.002	3.115	4.276	242.094
727.000	0.006	0.002	3.121	4.276	242.094
728.000	0.006	0.002	3.127	4.276	242.093
729.000	0.006	0.002	3.124	4.276	242.093
730.000	0.006	0.002	3.096	4.276	242.087
731.000	0.006	0.002	3.116	4.276	242.087
732.000	0.006	0.002	3.118	4.276	242.085
733.000	0.006	0.002	3.123	4.277	242.085
734.000	0.006	0.002	3.115	4.277	242.086
735.000	0.006	0.002	3.111	4.277	242.086
736.000	0.006	0.002	3.124	4.277	242.084
737.000	0.006	0.002	3.115	4.277	242.084
738.000	0.006	0.002	3.105	4.277	242.076
739.000	0.006	0.002	3.147	4.277	242.076
740.000	0.006	0.002	3.147	4.277	242.071
741.000	0.006	0.002	3.122	4.277	242.071
742.000	0.006	0.002	3.126	4.277	242.066
743.000	0.006	0.002	3.119	4.277	242.066
744.000	0.006	0.002	3.109	4.277	242.061
745.000	0.006	0.002	3.137	4.276	242.061
746.000	0.006	0.002	3.153	4.276	242.060
747.000	0.006	0.002	3.136	4.276	242.060
748.000	0.006	0.002	3.111	4.276	242.055
749.000	0.006	0.002	3.120	4.276	242.055
750.000	0.006	0.002	3.154	4.276	242.051
751.000	0.006	0.002	3.176	4.276	242.051
752.000	0.006	0.002	3.151	4.276	242.051
753.000	0.006	0.002	3.148	4.277	242.051
754.000	0.006	0.002	3.146	4.277	242.048
755.000	0.006	0.002	3.154	4.277	242.048
756.000	0.006	0.002	3.137	4.277	242.045
757.000	0.006	0.002	3.134	4.277	242.045
758.000	0.006	0.002	3.161	4.277	242.043
759.000	0.006	0.002	3.166	4.277	242.043
760.000	0.006	0.002	3.159	4.277	242.039
761.000	0.006	0.002	3.144	4.277	242.039
762.000	0.006	0.002	3.169	4.277	242.029
763.000	0.006	0.002	3.174	4.277	242.029
764.000	0.006	0.002	3.135	4.276	242.029
765.000	0.006	0.002	3.151	4.276	242.029
766.000	0.006	0.002	3.156	4.276	242.024
767.000	0.006	0.002	3.138	4.276	242.024
768.000	0.006	0.002	3.171	4.276	242.021
769.000	0.006	0.002	3.154	4.276	242.021
770.000	0.006	0.002	3.142	4.276	242.022
771.000	0.006	0.002	3.142	4.276	242.022
772.000	0.006	0.002	3.135	4.277	242.018
773.000	0.006	0.002	3.131	4.277	242.018
774.000	0.006	0.002	3.172	4.277	242.017
775.000	0.006	0.002	3.141	4.277	242.017
776.000	0.006	0.002	3.132	4.277	242.008
777.000	0.006	0.002	3.118	4.277	242.008
778.000	0.006	0.002	3.145	4.277	242.005
779.000	0.006	0.002	3.157	4.277	242.005
780.000	0.006	0.002	3.155	4.277	242.004
781.000	0.006	0.002	3.115	4.277	242.004
782.000	0.006	0.002	3.175	4.277	241.996
783.000	0.006	0.002	3.170	4.277	241.996
784.000	0.006	0.002	3.136	4.276	241.994
785.000	0.006	0.002	3.154	4.276	241.994
786.000	0.006	0.002	3.139	4.276	241.988
787.000	0.006	0.002	3.168	4.276	241.988
788.000	0.006	0.002	3.121	4.276	241.983
789.000	0.006	0.002	3.164	4.276	241.983
790.000	0.006	0.002	3.127	4.276	241.980
791.000	0.006	0.002	3.150	4.276	241.980
792.000	0.006	0.002	3.129	4.277	241.980
793.000	0.006	0.002	3.114	4.277	241.980
794.000	0.006	0.002	3.134	4.277	241.981
795.000	0.006	0.002	3.140	4.277	241.976
796.000	0.006	0.002	3.114	4.277	241.976
797.000	0.006	0.002	3.122	4.277	241.970
798.000	0.006	0.002	3.106	4.277	241.970
799.000	0.006	0.002	3.134	4.277	241.968
800.000	0.006	0.002	3.112	4.277	241.968
801.000	0.006	0.002	3.130	4.277	241.966
802.000	0.006	0.002	3.129	4.277	241.966
803.000	0.006	0.002	3.133	4.277	241.963
804.000	0.006	0.002	3.137	4.276	241.963
805.000	0.006	0.002	3.138	4.276	241.956
806.000	0.006	0.002	3.126	4.276	241.956
807.000	0.006	0.002	3.109	4.276	241.952
808.000	0.006	0.002	3.150	4.276	241.952
809.000	0.006	0.002	3.130	4.276	241.947
810.000	0.006	0.002	3.111	4.276	241.947
811.000	0.006	0.002	3.129	4.276	241.943
812.000	0.006	0.002	3.129	4.277	241.943
813.000	0.006	0.002	3.122	4.277	241.942
814.000	0.006	0.002	3.136	4.277	241.942
815.000	0.006	0.002	3.131	4.277	241.940
816.000	0.006	0.002	3.139	4.277	241.940
817.000	0.006	0.002	3.118	4.277	241.939
818.000	0.006	0.002	3.155	4.277	241.939
819.000	0.006	0.002	3.135	4.277	241.934
820.000	0.006	0.002	3.139	4.277	241.934
821.000	0.006	0.002	3.139	4.277	241.927
822.000	0.006	0.002	3.132	4.277	241.927
823.000	0.006	0.002	3.140	4.276	241.925
824.000	0.006	0.002	3.169	4.276	241.925
825.000	0.006	0.002	3.141	4.276	241.922
826.000	0.006	0.002	3.134	4.276	241.922
827.000	0.006	0.002	3.124	4.276	241.916
828.000	0.006	0.002	3.166	4.276	241.916
829.000	0.006	0.002	3.157	4.276	241.912
830.000	0.006	0.002	3.157	4.276	241.912
831.000	0.006	0.002	3.146	4.277	241.909
832.000	0.006	0.002	3.150	4.277	241.909
833.000	0.006	0.002	3.169	4.277	241.911
834.000	0.006	0.002	3.149	4.277	241.911
835.000	0.006	0.002	3.127	4.277	241.905
836.000	0.006	0.002	3.159	4.277	241.905
837.000	0.006	0.002	3.150	4.277	241.900
838.000	0.006	0.002	3.160	4.277	241.900
839.000	0.006	0.002	3.121	4.277	241.902
840.000	0.006	0.002	3.143	4.277	241.902
841.000	0.006	0.002	3.134	4.277	241.895
842.000	0.006	0.002	3.146	4.277	241.895
843.000	0.006	0.002	3.145	4.276	241.887
844.000	0.006	0.002	3.150	4.276	241.887
845.000	0.006	0.002	3.149	4.276	241.886
846.000	0.006	0.002	3.145	4.276	241.886
847.000	0.006	0.002	3.135	4.276	241.881
848.000	0.006	0.002	3.124	4.276	241.881
849.000	0.006	0.002	3.122	4.276	241.882
850.000	0.006	0.002	3.146	4.276	241.882
851.000	0.006	0.002	3.153	4.277	241.879
852.000	0.006	0.002	3.116	4.277	241.879
853.000	0.006	0.002	3.139	4.277	241.872
854.000	0.006	0.002	3.141	4.277	241.872
855.000	0.006	0.002	3.147	4.277	241.873
856.000	0.006	0.002	3.127	4.277	241.873
857.000	0.006	0.002	3.106	4.277	241.873
858.000	0.006	0.002	3.152	4.277	241.873
859.000	0.006	0.002	3.140	4.277	241.862
860.000	0.006	0.002	3.130	4.277	241.862
861.000	0.006	0.002	3.156	4.277	241.857
862.000	0.006	0.002	3.167	4.277	241.857
863.000	0.006	0.002	3.133	4.276	241.858
864.000	0.006	0.002	3.135	4.276	241.858
865.000	0.006	0.002	3.145	4.276	241.854
866.000	0.006	0.002	3.148	4.276	241.854
867.000	0.006	0.002	3.146	4.275	241.851
868.000	0.006	0.002	3.157	4.275	241.851
869.000	0.006	0.002	3.118	4.276	241.843
870.000	0.006	0.002	3.147	4.276	241.843
871.000	0.006	0.002	3.110	4.277	241.838
872.000	0.006	0.002	3.142	4.277	241.838
873.000	0.006	0.002	3.149	4.277	241.841
874.000	0.006	0.002	3.145	4.277	241.841
875.000	0.006	0.002	3.150	4.277	241.836
876.000	0.006	0.002	3.142	4.277	241.836
877.000	0.006	0.002	3.125	4.277	241.835
878.000	0.006	0.002	3.136	4.277	241.835
879.000	0.006	0.002	3.131	4.277	241.832
880.000	0.006	0.002	3.140	4.277	241.832
881.000	0.006	0.002	3.169	4.277	241.826
882.000	0.006	0.002	3.129	4.277	241.826
883.000	0.006	0.002	3.136	4.276	241.822
884.000	0.006	0.002	3.145	4.276	241.817
885.000	0.006	0.002	3.140	4.276	241.817
886.000	0.006	0.002	3.132	4.276	241.817
887.000	0.006	0.002	3.134	4.275	241.817
888.000	0.006	0.002	3.154	4.275	241.812
889.000	0.006	0.002	3.144	4.276	241.812
890.000	0.006	0.002	3.169	4.276	241.810
891.000	0.006	0.002	3.139	4.277	241.810
892.000	0.006	0.002	3.132	4.277	241.809
893.000	0.006	0.002	3.123	4.277	241.809
894.000	0.006	0.002	3.125	4.277	241.802
895.000	0.006	0.002	3.128	4.277	241.802
896.000	0.006	0.002	3.125	4.277	241.800
897.000	0.006	0.002	3.152	4.277	241.800
898.000	0.006	0.002	3.132	4.277	241.796
899.000	0.006	0.002	3.131	4.277	241.796
900.000	0.006	0.002	3.145	4.276	241.790
901.000	0.006	0.002	3.130	4.276	241.790
902.000	0.006	0.002	3.130	4.276	241.785
903.000	0.006	0.002	3.133	4.276	241.785
904.000	0.006	0.002	3.118	4.276	241.782
905.000	0.006	0.002	3.139	4.276	241.782
906.000	0.006	0.002	3.145	4.275	241.782
907.000	0.006	0.002	3.136	4.275	241.782
908.000	0.006	0.002	3.135	4.276	241.784
909.000	0.006	0.002	3.148	4.276	241.784
910.000	0.006	0.002	3.175	4.277	241.781
911.000	0.006	0.002	3.124	4.277	241.781
912.000	0.006	0.002	3.108	4.277	241.772
913.000	0.006	0.002	3.136	4.277	241.772
914.000	0.006	0.002	3.129	4.277	241.772
915.000	0.006	0.002	3.123	4.277	241.768
916.000	0.006	0.002	3.112	4.277	241.768
917.000	0.006	0.002	3.133	4.277	241.766
918.000	0.006	0.002	3.127	4.277	241.766
919.000	0.006	0.002	3.125	4.277	241.760
920.000	0.006	0.002	3.126	4.277	241.760
921.000	0.006	0.002	3.160	4.277	241.753
922.000	0.006	0.002	3.153	4.276	241.753
923.000	0.006	0.002	3.125	4.276	241.750
924.000	0.006	0.002	3.142	4.276	241.750
925.000	0.006	0.002	3.122	4.276	241.746
926.000	0.006	0.002	3.144	4.275	241.746
927.000	0.006	0.002	3.116	4.275	241.740
928.000	0.006	0.002	3.116	4.276	241.740
929.000	0.006	0.002	3.124	4.276	241.739
930.000	0.006	0.002	3.153	4.277	241.739
931.000	0.006	0.002	3.141	4.277	241.736
932.000	0.006	0.002	3.120	4.277	241.736
933.000	0.006	0.002	3.157	4.277	241.730
934.000	0.006	0.002	3.118	4.277	241.730
935.000	0.006	0.002	3.122	4.277	241.733
936.000	0.006	0.002	3.137	4.277	241.733
937.000	0.006	0.002	3.135	4.277	241.729
938.000	0.006	0.002	3.121	4.277	241.729
939.000	0.006	0.002	3.124	4.277	241.726
940.000	0.006	0.002	3.114	4.277	241.726
941.000	0.006	0.002	3.118	4.277	241.722
942.000	0.006	0.002	3.160	4.276	241.722
943.000	0.006	0.002	3.135	4.276	241.719
944.000	0.006	0.002	3.118	4.276	241.719
945.000	0.006	0.002	3.128	4.276	241.714
946.000	0.006	0.002	3.106	4.275	241.714
947.000	0.006	0.002	3.120	4.275	241.711
948.000	0.006	0.002	3.161	4.276	241.711
949.000	0.006	0.002	3.134	4.276	241.710
950.000	0.006	0.002	3.118	4.277	241.710
951.000	0.006	0.002	3.140	4.277	241.705
952.000	0.006	0.002	3.131	4.277	241.705
953.000	0.006	0.002	3.129	4.277	241.701
954.000	0.006	0.002	3.134	4.277	241.701
955.000	0.006	0.002	3.118	4.277	241.696
956.000	0.006	0.002	3.139	4.277	241.696
957.000	0.006	0.002	3.150	4.277	241.691
958.000	0.006	0.002	3.161	4.277	241.691
959.000	0.006	0.002	3.145	4.277	241.686
960.000	0.006	0.002	3.131	4.277	241.686
961.000	0.006	0.002	3.138	4.277	241.688
962.000	0.006	0.002	3.124	4.276	241.688
963.000	0.006	0.002	3.122	4.276	241.684
964.000	0.006	0.002	3.143	4.276	241.684
965.000	0.006	0.002	3.138	4.276	241.674
966.000	0.006	0.002	3.125	4.276	241.674
967.000	0.006	0.002	3.161	4.276	241.674
968.000	0.006	0.002	3.118	4.276	241.674
969.000	0.006	0.002	3.137	4.276	241.671
970.000	0.006	0.002	3.127	4.277	241.671
971.000	0.006	0.002	3.133	4.277	241.670
972.000	0.006	0.002	3.131	4.277	241.670
973.000	0.006	0.002	3.127	4.277	241.668
974.000	0.006	0.002	3.132	4.277	241.668
975.000	0.006	0.002	3.121	4.277	241.665
976.000	0.006	0.002	3.139	4.277	241.665
977.000	0.006	0.002	3.139	4.277	241.663
978.000	0.006	0.002	3.135	4.277	241.663
979.000	0.006	0.002	3.133	4.277	241.659
980.000	0.006	0.002	3.129	4.277	241.659
981.000	0.006	0.002	3.118	4.277	241.655
982.000	0.006	0.002	3.129	4.276	241.655
983.000	0.006	0.002	3.132	4.276	241.649
984.000	0.006	0.002	3.129	4.276	241.649
985.000	0.006	0.002	3.110	4.276	241.643
986.000	0.006	0.002	3.129	4.276	241.643
987.000	0.006	0.002	3.116	4.276	241.641
988.000	0.006	0.002	3.152	4.276	241.641
989.000	0.006	0.002	3.152	4.277	241.639
990.000	0.006	0.002	3.110	4.277	241.639
991.000	0.006	0.002	3.141	4.277	241.640
992.000	0.006	0.002	3.134	4.277	241.640
993.000	0.006	0.002	3.154	4.277	241.635
994.000	0.006	0.002	3.139	4.277	241.635
995.000	0.006	0.002	3.134	4.277	241.631
996.000	0.006	0.002	3.127	4.277	241.631
997.000	0.006	0.002	3.137	4.277	241.631
998.000	0.006	0.002	3.132	4.277	241.631
999.000	0.006	0.002	3.152	4.277	241.623
1000.000	0.006	0.002	3.121	4.277	241.623
1001.000	0.006	0.002	3.148	4.276	241.621
1002.000	0.006	0.002	3.124	4.276	241.621
1003.000	0.006	0.002	3.135	4.276	241.614
1004.000	0.006	0.002	3.133	4.276	241.614
1005.000	0.006	0.002	3.142	4.276	241.609
1006.000	0.006	0.002	3.147	4.276	241.609
1007.000	0.006	0.002	3.144	4.276	241.604
1008.000	0.006	0.002	3.138	4.276	241.604
1009.000	0.006	0.002	3.140	4.277	241.602
1010.000	0.006	0.002	3.131	4.277	241.602
1011.000	0.006	0.002	3.119	4.277	241.600
1012.000	0.006	0.002	3.115	4.277	241.600
1013.000	0.006	0.002	3.138	4.277	241.594
1014.000	0.006	0.002	3.118	4.277	241.594
1015.000	0.006	0.002	3.156	4.277	241.598
1016.000	0.006	0.002	3.156	4.277	241.598
1017.000	0.006	0.002	3.138	4.277	241.597
1018.000	0.006	0.002	3.139	4.277	241.597
1019.000	0.006	0.002	3.132	4.277	241.589
1020.000	0.006	0.002	3.142	4.277	241.589
1021.000	0.006	0.002	3.137	4.276	241.584
1022.000	0.006	0.002	3.121	4.276	241.584
1023.000	0.006	0.002	3.148	4.276	241.578
1024.000	0.006	0.002	3.132	4.276	241.578
1025.000	0.006	0.002	3.124	4.276	241.577
1026.000	0.006	0.002	3.119	4.276	241.577
1027.000	0.006	0.002	3.109	4.276	241.573
1028.000	0.006	0.002	3.115	4.276	241.573
1029.000	0.006	0.002	3.136	4.277	241.573
1030.000	0.006	0.002	3.144	4.277	241.573
1031.000	0.006	0.002	3.135	4.277	241.573
1032.000	0.006	0.002	3.125	4.277	241.573
1033.000	0.006	0.002	3.111	4.277	241.567
1034.000	0.006	0.002	3.121	4.277	241.567
1035.000	0.006	0.002	3.145	4.277	241.562
1036.000	0.006	0.002	3.159	4.277	241.562
1037.000	0.006	0.002	3.146	4.277	241.560
1038.000	0.006	0.002	3.137	4.277	241.560
1039.000	0.006	0.002	3.107	4.277	241.553
1040.000	0.006	0.002	3.113	4.277	241.553
1041.000	0.006	0.002	3.119	4.276	241.549
1042.000	0.006	0.002	3.119	4.276	241.549
1043.000	0.006	0.002	3.165	4.276	241.545
1044.000	0.006	0.002	3.127	4.276	241.545
1045.000	0.006	0.002	3.108	4.276	241.541
1046.000	0.006	0.002	3.117	4.276	241.541
1047.000	0.006	0.002	3.106	4.276	241.541
1048.000	0.006	0.002	3.110	4.276	241.541
1049.000	0.006	0.002	3.134	4.277	241.535
1050.000	0.006	0.002	3.107	4.277	241.535
1051.000	0.006	0.002	3.118	4.277	241.536
1052.000	0.006	0.002	3.133	4.277	241.536
1053.000	0.006	0.002	3.126	4.277	241.534
1054.000	0.006	0.002	3.111	4.277	241.534
1055.000	0.006	0.002	3.115	4.277	241.535
1056.000	0.006	0.002	3.118	4.277	241.535
1057.000	0.006	0.002	3.120	4.277	241.533
1058.000	0.006	0.002	3.115	4.277	241.533
1059.000	0.006	0.002	3.137	4.277	241.523
1060.000	0.006	0.002	3.118	4.277	241.523
1061.000	0.006	0.002	3.131	4.276	241.519
1062.000	0.006	0.002	3.132	4.276	241.519
1063.000	0.006	0.002	3.141	4.276	241.515
1064.000	0.006	0.002	3.121	4.276	241.515
1065.000	0.006	0.002	3.135	4.276	241.512
1066.000	0.006	0.002	3.136	4.276	241.512
1067.000	0.006	0.002	3.151	4.276	241.511
1068.000	0.006	0.002	3.131	4.276	241.511
1069.000	0.006	0.002	3.111	4.277	241.507
1070.000	0.006	0.002	3.134	4.277	241.507
1071.000	0.006	0.002	3.110	4.277	241.503
1072.000	0.006	0.002	3.133	4.277	241.503
1073.000	0.006	0.002	3.130	4.277	241.499
1074.000	0.006	0.002	3.138	4.277	241.499
1075.000	0.006	0.002	3.159	4.277	241.496
1076.000	0.006	0.002	3.121	4.277	241.496
1077.000	0.006	0.002	3.142	4.277	241.489
1078.000	0.006	0.002	3.147	4.277	241.489
1079.000	0.006	0.002	3.114	4.277	241.487
1080.000	0.006	0.002	3.116	4.277	241.487
1081.000	0.006	0.002	3.123	4.276	241.485
1082.000	0.006	0.002	3.127	4.276	241.485
1083.000	0.006	0.002	3.133	4.276	241.479
1084.000	0.006	0.002	3.147	4.276	241.479
1085.000	0.006	0.002	3.144	4.276	241.478
1086.000	0.006	0.002	3.110	4.276	241.478
1087.000	0.006	0.002	3.134	4.276	241.472
1088.000	0.006	0.002	3.109	4.276	241.472
1089.000	0.006	0.002	3.127	4.276	241.470
1090.000	0.006	0.002	3.117	4.276	241.470
1091.000	0.006	0.002	3.120	4.277	241.471
1092.000	0.006	0.002	3.147	4.277	241.471
1093.000	0.006	0.002	3.119	4.277	241.466
1094.000	0.006	0.002	3.130	4.277	241.466
1095.000	0.006	0.002	3.113	4.277	241.462
1096.000	0.006	0.002	3.109	4.277	241.462
1097.000	0.006	0.002	3.137	4.277	241.459
1098.000	0.006	0.002	3.127	4.277	241.459
1099.000	0.006	0.002	3.133	4.277	241.457
1100.000	0.006	0.002	3.131	4.277	241.457
1101.000	0.006	0.002	3.134	4.276	241.455
1102.000	0.006	0.002	3.146	4.276	241.455
1103.000	0.006	0.002	3.151	4.276	241.455
1104.000	0.006	0.002	3.133	4.276	241.455
1105.000	0.006	0.002	3.149	4.276	241.445
1106.000	0.006	0.002	3.117	4.276	241.445
1107.000	0.006	0.002	3.149	4.276	241.440
1108.000	0.006	0.002	3.150	4.276	241.440
1109.000	0.006	0.002	3.121	4.276	241.438
1110.000	0.006	0.002	3.148	4.276	241.438
1111.000	0.006	0.002	3.134	4.277	241.434
1112.000	0.006	0.002	3.166	4.277	241.434
1113.000	0.006	0.002	3.130	4.277	241.430
1114.000	0.006	0.002	3.132	4.277	241.430
1115.000	0.006	0.002	3.120	4.277	241.430
1116.000	0.006	0.002	3.126	4.277	241.430
1117.000	0.006	0.002	3.134	4.277	241.428
1118.000	0.006	0.002	3.128	4.277	241.428
1119.000	0.006	0.002	3.148	4.277	241.423
1120.000	0.006	0.002	3.151	4.277	241.423
1121.000	0.006	0.002	3.131	4.276	241.419
1122.000	0.006	0.002	3.147	4.276	241.419
1123.000	0.006	0.002	3.138	4.276	241.409
1124.000	0.006	0.002	3.148	4.276	241.409
1125.000	0.006	0.002	3.140	4.276	241.408
1126.000	0.006	0.002	3.142	4.276	241.408
1127.000	0.006	0.002	3.131	4.276	241.406
1128.000	0.006	0.002	3.142	4.276	241.406
1129.000	0.006	0.002	3.132	4.276	241.408
1130.000	0.006	0.002	3.145	4.276	241.408
1131.000	0.006	0.002	3.110	4.277	241.405
1132.000	0.006	0.002	3.119	4.277	241.405
1133.000	0.006	0.002	3.150	4.277	241.403
1134.000	0.006	0.002	3.134	4.277	241.403
1135.000	0.006	0.002	3.121	4.277	241.397
1136.000	0.006	0.002	3.125	4.277	241.397
1137.000	0.006	0.002	3.124	4.277	241.390
1138.000	0.006	0.002	3.119	4.277	241.390
1139.000	0.006	0.002	3.152	4.277	241.389
1140.000	0.006	0.002	3.125	4.277	241.389
1141.000	0.006	0.002	3.136	4.276	241.386
1142.000	0.006	0.002	3.152	4.276	241.386
1143.000	0.006	0.002	3.144	4.276	241.382
1144.000	0.006	0.002	3.126	4.276	241.382
1145.000	0.006	0.002	3.125	4.276	241.372
1146.000	0.006	0.002	3.134	4.276	241.372
1147.000	0.006	0.002	3.143	4.276	241.371
1148.000	0.006	0.002	3.133	4.276	241.371
1149.000	0.006	0.002	3.156	4.276	241.370
1150.000	0.006	0.002	3.147	4.276	241.370
1151.000	0.006	0.002	3.135	4.277	241.369
1152.000	0.006	0.002	3.145	4.277	241.369
1153.000	0.006	0.002	3.115	4.277	241.367
1154.000	0.006	0.002	3.131	4.277	241.367
1155.000	0.006	0.002	3.116	4.277	241.363
1156.000	0.006	0.002	3.118	4.277	241.363
1157.000	0.006	0.002	3.125	4.277	241.361
1158.000	0.006	0.002	3.112	4.277	241.361
1159.000	0.006	0.002	3.161	4.277	241.356
1160.000	0.006	0.002	3.145	4.277	241.356
1161.000	0.006	0.002	3.145	4.276	241.354
1162.000	0.006	0.002	3.144	4.276	241.354
1163.000	0.006	0.002	3.148	4.276	241.351
1164.000	0.006	0.002	3.174	4.276	241.351
1165.000	0.006	0.002	3.153	4.276	241.342
1166.000	0.006	0.002	3.177	4.276	241.342
1167.000	0.006	0.002	3.133	4.276	241.336
1168.000	0.006	0.002	3.133	4.276	241.336
1169.000	0.006	0.002	3.155	4.276	241.339
1170.000	0.006	0.002	3.141	4.276	241.339
1171.000	0.006	0.002	3.151	4.277	241.336
1172.000	0.006	0.002	3.159	4.277	241.336
1173.000	0.006	0.002	3.131	4.277	241.335
1174.000	0.006	0.002	3.159	4.277	241.335
1175.000	0.006	0.002	3.143	4.277	241.328
1176.000	0.006	0.002	3.158	4.277	241.328
1177.000	0.006	0.002	3.134	4.277	241.325
1178.000	0.006	0.002	3.109	4.277	241.325
1179.000	0.006	0.002	3.128	4.277	241.322
1180.000	0.006	0.002	3.141	4.277	241.322
1181.000	0.006	0.002	3.128	4.276	241.320
1182.000	0.006	0.002	3.139	4.276	241.320
1183.000	0.006	0.002	3.128	4.276	241.315
1184.000	0.006	0.002	3.110	4.276	241.315
1185.000	0.006	0.002	3.158	4.276	241.312
1186.000	0.006	0.002	3.127	4.276	241.312
1187.000	0.006	0.002	3.122	4.276	241.311
1188.000	0.006	0.002	3.159	4.276	241.311
1189.000	0.006	0.002	3.159	4.276	241.308
1190.000	0.006	0.002	3.163	4.276	241.308
1191.000	0.006	0.002	3.141	4.277	241.305
1192.000	0.006	0.002	3.142	4.277	241.305
1193.000	0.006	0.002	3.149	4.277	241.301
1194.000	0.006	0.002	3.155	4.277	241.301
1195.000	0.006	0.002	3.133	4.277	241.300
1196.000	0.006	0.002	3.158	4.277	241.300
1197.000	0.006	0.002	3.150	4.277	241.299
1198.000	0.006	0.002	3.139	4.277	241.299
1199.000	0.006	0.002	3.147	4.277	241.294
1200.000	0.006	0.002	3.119	4.277	241.294
1201.000	0.006	0.002	3.134	4.276	241.289
1202.000	0.006	0.002	3.143	4.276	241.289
1203.000	0.006	0.002	3.125	4.276	241.282
1204.000	0.006	0.002	3.130	4.276	241.282
1205.000	0.006	0.002	3.117	4.276	241.271
1206.000	0.006	0.002	3.146	4.276	241.271
1207.000	0.006	0.002	3.108	4.276	241.268
1208.000	0.006	0.002	3.142	4.276	241.266
1209.000	0.006	0.002	3.112	4.276	241.266
1210.000	0.006	0.002	3.130	4.276	241.268
1211.000	0.006	0.002	3.173	4.277	241.268
1212.000	0.006	0.002	3.127	4.277	241.269
1213.000	0.006	0.002	3.123	4.277	241.269
1214.000	0.006	0.002	3.143	4.277	241.265
1215.000	0.006	0.002	3.133	4.277	241.265
1216.000	0.006	0.002	3.149	4.277	241.257
1217.000	0.006	0.002	3.147	4.277	241.257
1218.000	0.006	0.002	3.168	4.277	241.257
1219.000	0.006	0.002	3.137	4.277	241.257
1220.000	0.006	0.002	3.145	4.277	241.252
1221.000	0.006	0.002	3.152	4.276	241.252
1222.000	0.006	0.002	3.164	4.276	241.249
1223.000	0.006	0.002	3.132	4.276	241.249
1224.000	0.006	0.002	3.133	4.276	241.248
1225.000	0.006	0.002	3.152	4.276	241.248
1226.000	0.006	0.002	3.120	4.276	241.241
1227.000	0.006	0.002	3.133	4.276	241.241
1228.000	0.006	0.002	3.153	4.276	241.236
1229.000	0.006	0.002	3.139	4.276	241.236
1230.000	0.006	0.002	3.127	4.277	241.236
1231.000	0.006	0.002	3.140	4.277	241.236
1232.000	0.006	0.002	3.142	4.277	241.236
1233.000	0.006	0.002	3.149	4.277	241.236
1234.000	0.006	0.002	3.156	4.277	241.233
1235.000	0.006	0.002	3.153	4.277	241.233
1236.000	0.006	0.002	3.148	4.277	241.231
1237.000	0.006	0.002	3.136	4.277	241.231
1238.000	0.006	0.002	3.137	4.277	241.226
1239.000	0.006	0.002	3.119	4.277	241.226
1240.000	0.006	0.002	3.131	4.276	241.222
1241.000	0.006	0.002	3.109	4.276	241.222
1242.000	0.006	0.002	3.111	4.276	241.217
1243.000	0.006	0.002	3.120	4.276	241.217
1244.000	0.006	0.002	3.139	4.276	241.212
1245.000	0.006	0.002	3.123	4.276	241.212
1246.000	0.006	0.002	3.103	4.276	241.205
1247.000	0.006	0.002	3.140	4.276	241.205
1248.000	0.006	0.002	3.111	4.276	241.209
1249.000	0.006	0.002	3.145	4.276	241.209
1250.000	0.006	0.002	3.135	4.277	241.206
1251.000	0.006	0.002	3.100	4.277	241.206
1252.000	0.006	0.002	3.154	4.277	241.199
1253.000	0.006	0.002	3.156	4.277	241.199
1254.000	0.006	0.002	3.147	4.277	241.202
1255.000	0.006	0.002	3.142	4.277	241.202
1256.000	0.006	0.002	3.131	4.277	241.196
1257.000	0.006	0.002	3.100	4.277	241.196
1258.000	0.006	0.002	3.149	4.277	241.190
1259.000	0.006	0.002	3.175	4.277	241.190
1260.000	0.006	0.002	3.138	4.276	241.187
1261.000	0.006	0.002	3.145	4.276	241.187
1262.000	0.006	0.002	3.137	4.276	241.183
1263.000	0.006	0.002	3.154	4.276	241.183
1264.000	0.006	0.002	3.149	4.276	241.182
1265.000	0.006	0.002	3.144	4.276	241.182
1266.000	0.006	0.002	3.143	4.276	241.182
1267.000	0.006	0.002	3.142	4.276	241.182
1268.000	0.006	0.002	3.143	4.276	241.178
1269.000	0.006	0.002	3.119	4.276	241.178
1270.000	0.006	0.002	3.155	4.277	241.174
1271.000	0.006	0.002	3.167	4.277	241.174
1272.000	0.006	0.002	3.153	4.277	241.171
1273.000	0.006	0.002	3.149	4.277	241.171
1274.000	0.006	0.002	3.143	4.277	241.164
1275.000	0.006	0.002	3.172	4.277	241.164
1276.000	0.006	0.002	3.135	4.277	241.162
1277.000	0.006	0.002	3.155	4.277	241.162
1278.000	0.006	0.002	3.157	4.277	241.161
1279.000	0.006	0.002	3.144	4.277	241.161
1280.000	0.006	0.002	3.135	4.276	241.152
1281.000	0.006	0.002	3.141	4.276	241.152
1282.000	0.006	0.002	3.149	4.276	241.147
1283.000	0.006	0.002	3.141	4.276	241.147
1284.000	0.006	0.002	3.129	4.276	241.147
1285.000	0.006	0.002	3.124	4.276	241.147
1286.000	0.006	0.002	3.136	4.275	241.149
1287.000	0.006	0.002	3.127	4.275	241.149
1288.000	0.006	0.002	3.141	4.276	241.143
1289.000	0.006	0.002	3.132	4.276	241.143
1290.000	0.006	0.002	3.111	4.277	241.139
1291.000	0.006	0.002	3.124	4.277	241.139
1292.000	0.006	0.002	3.127	4.277	241.133
1293.000	0.006	0.002	3.141	4.277	241.133
1294.000	0.006	0.002	3.150	4.277	241.132
1295.000	0.006	0.002	3.135	4.277	241.132
1296.000	0.006	0.002	3.142	4.277	241.133
1297.000	0.006	0.002	3.140	4.277	241.133
1298.000	0.006	0.002	3.147	4.277	241.123
1299.000	0.006	0.002	3.163	4.277	241.123
1300.000	0.006	0.002	3.148	4.276	241.125
1301.000	0.006	0.002	3.138	4.276	241.125
1302.000	0.006	0.002	3.138	4.276	241.123
1303.000	0.006	0.002	3.171	4.276	241.123
1304.000	0.006	0.002	3.171	4.276	241.120
1305.000	0.006	0.002	3.148	4.276	241.120
1306.000	0.006	0.002	3.151	4.275	241.112
1307.000	0.006	0.002	3.185	4.275	241.112
1308.000	0.006	0.002	3.138	4.276	241.109
1309.000	0.006	0.002	3.167	4.276	241.109
1310.000	0.006	0.002	3.171	4.277	241.112
1311.000	0.006	0.002	3.166	4.277	241.112
1312.000	0.006	0.002	3.129	4.277	241.108
1313.000	0.006	0.002	3.149	4.277	241.108
1314.000	0.006	0.002	3.143	4.277	241.102
1315.000	0.006	0.002	3.127	4.277	241.099
1316.000	0.006	0.002	3.103	4.277	241.099
1317.000	0.006	0.002	3.143	4.277	241.094
1318.000	0.006	0.002	3.161	4.277	241.094
1319.000	0.006	0.002	3.132	4.277	241.092
1320.000	0.006	0.002	3.139	4.276	241.092
1321.000	0.006	0.002	3.124	4.276	241.087
1322.000	0.006	0.002	3.134	4.276	241.087
1323.000	0.006	0.002	3.145	4.276	241.085
1324.000	0.006	0.002	3.135	4.275	241.085
1325.000	0.006	0.002	3.185	4.275	241.083
1326.000	0.006	0.002	3.152	4.275	241.083
1327.000	0.006	0.002	3.142	4.275	241.079
1328.000	0.006	0.002	3.126	4.276	241.079
1329.000	0.006	0.002	3.098	4.276	241.077
1330.000	0.006	0.002	3.098	4.277	241.077
1331.000	0.006	0.002	3.108	4.277	241.072
1332.000	0.006	0.002	3.127	4.277	241.072
1333.000	0.006	0.002	3.117	4.277	241.074
1334.000	0.006	0.002	3.125	4.277	241.074
1335.000	0.006	0.002	3.134	4.277	241.069
1336.000	0.006	0.002	3.150	4.277	241.069
1337.000	0.006	0.002	3.131	4.277	241.065
1338.000	0.006	0.002	3.127	4.277	241.065
1339.000	0.006	0.002	3.144	4.277	241.059
1340.000	0.006	0.002	3.155	4.276	241.059
1341.000	0.006	0.002	3.131	4.276	241.054
1342.000	0.006	0.002	3.147	4.276	241.054
1343.000	0.006	0.002	3.114	4.276	241.052
1344.000	0.006	0.002	3.145	4.275	241.052
1345.000	0.006	0.002	3.141	4.275	241.049
1346.000	0.006	0.002	3.153	4.275	241.049
1347.000	0.006	0.002	3.154	4.275	241.048
1348.000	0.006	0.002	3.140	4.276	241.048
1349.000	0.006	0.002	3.132	4.276	241.046
1350.000	0.006	0.002	3.137	4.277	241.046
1351.000	0.006	0.002	3.131	4.277	241.042
1352.000	0.006	0.002	3.129	4.277	241.042
1353.000	0.006	0.002	3.170	4.277	241.039
1354.000	0.006	0.002	3.151	4.277	241.039
1355.000	0.006	0.002	3.127	4.277	241.035
1356.000	0.006	0.002	3.148	4.277	241.035
1357.000	0.006	0.002	3.153	4.277	241.032
1358.000	0.006	0.002	3.150	4.276	241.032
1359.000	0.006	0.002	3.140	4.276	241.029
1360.000	0.006	0.002	3.131	4.276	241.029
1361.000	0.006	0.002	3.167	4.276	241.024
1362.000	0.006	0.002	3.146	4.276	241.024
1363.000	0.006	0.002	3.173	4.276	241.018
1364.000	0.006	0.002	3.134	4.275	241.018
1365.000	0.006	0.002	3.134	4.275	241.018
1366.000	0.006	0.002	3.154	4.275	241.018
1367.000	0.006	0.002	3.144	4.275	241.015
1368.000	0.006	0.002	3.145	4.276	241.015
1369.000	0.006	0.002	3.144	4.276	241.012
1370.000	0.006	0.002	3.145	4.277	241.012
1371.000	0.006	0.002	3.156	4.277	241.008
1372.000	0.006	0.002	3.146	4.277	241.008
1373.000	0.006	0.002	3.130	4.277	241.007
1374.000	0.006	0.002	3.132	4.277	241.007
1375.000	0.006	0.002	3.147	4.277	241.004
1376.000	0.006	0.002	3.143	4.277	241.004
1377.000	0.006	0.002	3.160	4.277	241.000
1378.000	0.006	0.002	3.117	4.276	241.000
1379.000	0.006	0.002	3.138	4.276	240.996
1380.000	0.006	0.002	3.142	4.276	240.996
1381.000	0.006	0.002	3.171	4.276	240.993
1382.000	0.006	0.002	3.175	4.276	240.993
1383.000	0.006	0.002	3.143	4.276	240.990
1384.000	0.006	0.002	3.142	4.275	240.990
1385.000	0.006	0.002	3.152	4.275	240.981
1386.000	0.006	0.002	3.144	4.275	240.981
1387.000	0.006	0.002	3.138	4.275	240.980
1388.000	0.006	0.002	3.160	4.276	240.980
1389.000	0.006	0.002	3.149	4.276	240.984
1390.000	0.006	0.002	3.136	4.276	240.984
1391.000	0.006	0.002	3.152	4.276	240.980
1392.000	0.006	0.002	3.135	4.277	240.980
1393.000	0.006	0.002	3.154	4.277	240.971
1394.000	0.006	0.002	3.145	4.277	240.971
1395.000	0.006	0.002	3.150	4.277	240.973
1396.000	0.006	0.002	3.156	4.277	240.973
1397.000	0.006	0.002	3.153	4.277	240.969
1398.000	0.006	0.002	3.146	4.276	240.969
1399.000	0.006	0.002	3.126	4.276	240.965
1400.000	0.006	0.002	3.150	4.276	240.965
1401.000	0.006	0.002	3.167	4.276	240.961
1402.000	0.006	0.002	3.137	4.276	240.961
1403.000	0.006	0.002	3.142	4.276	240.955
1404.000	0.006	0.002	3.139	4.275	240.955
1405.000	0.006	0.002	3.150	4.275	240.953
1406.000	0.006	0.002	3.144	4.275	240.953
1407.000	0.006	0.002	3.133	4.275	240.950
1408.000	0.006	0.002	3.149	4.276	240.950
1409.000	0.006	0.002	3.141	4.276	240.949
1410.000	0.006	0.002	3.142	4.276	240.949
1411.000	0.006	0.002	3.118	4.276	240.941
1412.000	0.006	0.002	3.144	4.277	240.941
1413.000	0.006	0.002	3.150	4.277	240.937
1414.000	0.006	0.002	3.140	4.277	240.937
1415.000	0.006	0.002	3.148	4.277	240.937
1416.000	0.006	0.002	3.151	4.277	240.937
1417.000	0.006	0.002	3.189	4.276	240.934
1418.000	0.006	0.002	3.167	4.276	240.934
1419.000	0.006	0.002	3.145	4.276	240.928
1420.000	0.006	0.002	3.173	4.276	240.928
1421.000	0.006	0.002	3.148	4.276	240.925
1422.000	0.006	0.002	3.135	4.276	240.925
1423.000	0.006	0.002	3.113	4.275	240.929
1424.000	0.006	0.002	3.142	4.275	240.929
1425.000	0.006	0.002	3.157	4.275	240.921
1426.000	0.006	0.002	3.137	4.275	240.921
1427.000	0.006	0.002	3.130	4.275	240.914
1428.000	0.006	0.002	3.139	4.275	240.914
1429.000	0.006	0.002	3.143	4.276	240.913
1430.000	0.006	0.002	3.136	4.276	240.913
1431.000	0.006	0.002	3.140	4.277	240.915
1432.000	0.006	0.002	3.139	4.277	240.915
1433.000	0.006	0.002	3.144	4.277	240.908
1434.000	0.006	0.002	3.136	4.277	240.908
1435.000	0.006	0.002	3.156	4.277	240.906
1436.000	0.006	0.002	3.118	4.277	240.906
1437.000	0.006	0.002	3.128	4.276	240.905
1438.000	0.006	0.002	3.137	4.276	240.905
1439.000	0.006	0.002	3.136	4.276	240.898
1440.000	0.006	0.002	3.141	4.276	240.898
1441.000	0.006	0.002	3.151	4.276	240.899
1442.000	0.006	0.002	3.124	4.276	240.899
1443.000	0.006	0.002	3.141	4.275	240.894
1444.000	0.006	0.002	3.121	4.275	240.894
1445.000	0.006	0.002	3.147	4.275	240.890
1446.000	0.006	0.002	3.140	4.275	240.890
1447.000	0.006	0.002	3.142	4.276	240.886
1448.000	0.006	0.002	3.142	4.276	240.886
1449.000	0.006	0.002	3.142	4.276	240.881
1450.000	0.006	0.002	3.155	4.276	240.881
1451.000	0.006	0.002	3.163	4.277	240.882
1452.000	0.006	0.002	3.109	4.277	240.882
1453.000	0.006	0.002	3.115	4.277	240.881
1454.000	0.006	0.002	3.104	4.277	240.881
1455.000	0.006	0.002	3.125	4.277	240.876
1456.000	0.006	0.002	3.160	4.277	240.876
1457.000	0.006	0.002	3.144	4.276	240.871
1458.000	0.006	0.002	3.152	4.276	240.871
1459.000	0.006	0.002	3.141	4.276	240.867
1460.000	0.006	0.002	3.151	4.276	240.867
1461.000	0.006	0.002	3.156	4.276	240.866
1462.000	0.006	0.002	3.176	4.276	240.866
1463.000	0.006	0.002	3.145	4.275	240.863
1464.000	0.006	0.002	3.143	4.275	240.863
1465.000	0.006	0.002	3.151	4.275	240.857
1466.000	0.006	0.002	3.134	4.275	240.857
1467.000	0.006	0.002	3.132	4.275	240.854
1468.000	0.006	0.002	3.127	4.275	240.854
1469.000	0.006	0.002	3.105	4.276	240.854
1470.000	0.006	0.002	3.123	4.276	240.854
1471.000	0.006	0.002	3.127	4.277	240.851
1472.000	0.006	0.002	3.098	4.277	240.851
1473.000	0.006	0.002	3.109	4.277	240.850
1474.000	0.006	0.002	3.124	4.277	240.850
1475.000	0.006	0.002	3.112	4.277	240.844
1476.000	0.006	0.002	3.149	4.277	240.844
1477.000	0.006	0.002	3.124	4.276	240.843
1478.000	0.006	0.002	3.124	4.276	240.843
1479.000	0.006	0.002	3.157	4.276	240.836
1480.000	0.006	0.002	3.114	4.276	240.836
1481.000	0.006	0.002	3.158	4.276	240.828
1482.000	0.006	0.002	3.118	4.276	240.828
1483.000	0.006	0.002	3.117	4.275	240.828
1484.000	0.006	0.002	3.110	4.275	240.828
1485.000	0.006	0.002	3.149	4.275	240.823
1486.000	0.006	0.002	3.121	4.275	240.823
1487.000	0.006	0.002	3.138	4.275	240.817
1488.000	0.006	0.002	3.130	4.275	240.817
1489.000	0.006	0.002	3.127	4.276	240.815
1490.000	0.006	0.002	3.102	4.276	240.815
1491.000	0.006	0.002	3.122	4.277	240.815
1492.000	0.006	0.002	3.138	4.277	240.814
1493.000	0.006	0.002	3.132	4.277	240.814
1494.000	0.006	0.002	3.131	4.277	240.809
1495.000	0.006	0.002	3.132	4.277	240.809
1496.000	0.006	0.002	3.134	4.277	240.807
1497.000	0.006	0.002	3.147	4.276	240.807
1498.000	0.006	0.002	3.116	4.276	240.804
1499.000	0.006	0.002	3.115	4.276	240.804
1500.000	0.006	0.002	3.122	4.276	240.800
1501.000	0.006	0.002	3.141	4.276	240.800
1502.000	0.006	0.002	3.107	4.275	240.797
1503.000	0.006	0.002	3.124	4.275	240.797
1504.000	0.006	0.002	3.152	4.275	240.793
1505.000	0.006	0.002	3.145	4.275	240.793
1506.000	0.006	0.002	3.145	4.275	240.790
1507.000	0.006	0.002	3.140	4.275	240.790
1508.000	0.006	0.002	3.127	4.276	240.787
1509.000	0.006	0.002	3.144	4.276	240.787
1510.000	0.006	0.002	3.146	4.277	240.785
1511.000	0.006	0.002	3.160	4.277	240.783
1512.000	0.006	0.002	3.166	4.277	240.783
1513.000	0.006	0.002	3.143	4.277	240.781
1514.000	0.006	0.002	3.133	4.277	240.781
1515.000	0.006	0.002	3.124	4.277	240.777
1516.000	0.006	0.002	3.131	4.276	240.777
1517.000	0.006	0.002	3.152	4.276	240.776
1518.000	0.006	0.002	3.165	4.276	240.776
1519.000	0.006	0.002	3.173	4.276	240.771
1520.000	0.006	0.002	3.131	4.276	240.771
1521.000	0.006	0.002	3.116	4.276	240.762
1522.000	0.006	0.002	3.119	4.275	240.762
1523.000	0.006	0.002	3.162	4.275	240.764
1524.000	0.006	0.002	3.165	4.275	240.764
1525.000	0.006	0.002	3.136	4.275	240.757
1526.000	0.006	0.002	3.135	4.275	240.757
1527.000	0.006	0.002	3.153	4.275	240.754
1528.000	0.006	0.002	3.139	4.276	240.754
1529.000	0.006	0.002	3.136	4.276	240.757
1530.000	0.006	0.002	3.155	4.277	240.757
1531.000	0.006	0.002	3.158	4.277	240.752
1532.000	0.006	0.002	3.153	4.277	240.752
1533.000	0.006	0.002	3.130	4.277	240.750
1534.000	0.006	0.002	3.160	4.277	240.750
1535.000	0.006	0.002	3.135	4.277	240.745
1536.000	0.006	0.002	3.131	4.276	240.745
1537.000	0.006	0.002	3.146	4.276	240.739
1538.000	0.006	0.002	3.134	4.276	240.739
1539.000	0.006	0.002	3.141	4.276	240.735
1540.000	0.006	0.002	3.150	4.276	240.735
1541.000	0.006	0.002	3.138	4.276	240.733
1542.000	0.006	0.002	3.146	4.275	240.733
1543.000	0.006	0.002	3.150	4.275	240.731
1544.000	0.006	0.002	3.151	4.275	240.731
1545.000	0.006	0.002	3.169	4.275	240.727
1546.000	0.006	0.002	3.164	4.275	240.727
1547.000	0.006	0.002	3.157	4.275	240.723
1548.000	0.006	0.002	3.158	4.276	240.723
1549.000	0.006	0.002	3.139	4.276	240.719
1550.000	0.006	0.002	3.129	4.277	240.719
1551.000	0.006	0.002	3.127	4.277	240.719
1552.000	0.006	0.002	3.128	4.277	240.719
1553.000	0.006	0.002	3.122	4.277	240.721
1554.000	0.006	0.002	3.120	4.277	240.721
1555.000	0.006	0.002	3.124	4.277	240.719
1556.000	0.006	0.002	3.156	4.277	240.719
1557.000	0.006	0.002	3.136	4.277	240.711
1558.000	0.006	0.002	3.127	4.276	240.711
1559.000	0.006	0.002	3.121	4.276	240.706
1560.000	0.006	0.002	3.140	4.276	240.706
1561.000	0.006	0.002	3.144	4.276	240.707
1562.000	0.006	0.002	3.134	4.275	240.707
1563.000	0.006	0.002	3.132	4.275	240.699
1564.000	0.006	0.002	3.157	4.275	240.699
1565.000	0.006	0.002	3.158	4.275	240.696
1566.000	0.006	0.002	3.163	4.275	240.696
1567.000	0.006	0.002	3.151	4.275	240.693
1568.000	0.006	0.002	3.160	4.276	240.693
1569.000	0.006	0.002	3.163	4.276	240.691
1570.000	0.006	0.002	3.160	4.277	240.691
1571.000	0.006	0.002	3.119	4.277	240.696
1572.000	0.006	0.002	3.118	4.277	240.696
1573.000	0.006	0.002	3.144	4.277	240.688
1574.000	0.006	0.002	3.138	4.277	240.688
1575.000	0.006	0.002	3.129	4.277	240.684
1576.000	0.006	0.002	3.139	4.277	240.684
1577.000	0.006	0.002	3.121	4.277	240.681
1578.000	0.006	0.002	3.133	4.276	240.681
1579.000	0.006	0.002	3.141	4.276	240.676
1580.000	0.006	0.002	3.126	4.276	240.676
1581.000	0.006	0.002	3.123	4.276	240.673
1582.000	0.006	0.002	3.144	4.275	240.673
1583.000	0.006	0.002	3.144	4.275	240.666
1584.000	0.006	0.002	3.103	4.275	240.666
1585.000	0.006	0.002	3.115	4.275	240.664
1586.000	0.006	0.002	3.140	4.275	240.664
1587.000	0.006	0.002	3.103	4.275	240.665
1588.000	0.006	0.002	3.115	4.276	240.665
1589.000	0.006	0.002	3.133	4.276	240.661
1590.000	0.006	0.002	3.118	4.277	240.661
1591.000	0.006	0.002	3.141	4.277	240.657
1592.000	0.006	0.002	3.140	4.277	240.657
1593.000	0.006	0.002	3.140	4.277	240.655
1594.000	0.006	0.002	3.119	4.277	240.655
1595.000	0.006	0.002	3.139	4.277	240.654
1596.000	0.006	0.002	3.129	4.277	240.654
1597.000	0.006	0.002	3.171	4.277	240.649
1598.000	0.006	0.002	3.156	4.276	240.649
1599.000	0.006	0.002	3.134	4.276	240.646
1600.000	0.006	0.002	3.154	4.276	240.646
1601.000	0.006	0.002	3.145	4.276	240.642
1602.000	0.006	0.002	3.131	4.276	240.642
1603.000	0.006	0.002	3.123	4.276	240.640
1604.000	0.006	0.002	3.116	4.275	240.640
1605.000	0.006	0.002	3.121	4.275	240.637
1606.000	0.006	0.002	3.124	4.275	240.637
1607.000	0.006	0.002	3.125	4.275	240.633
1608.000	0.006	0.002	3.132	4.276	240.633
1609.000	0.006	0.002	3.130	4.276	240.629
1610.000	0.006	0.002	3.129	4.277	240.629
1611.000	0.006	0.002	3.149	4.277	240.627
1612.000	0.006	0.002	3.134	4.277	240.627
1613.000	0.006	0.002	3.116	4.277	240.623
1614.000	0.006	0.002	3.106	4.277	240.623
1615.000	0.006	0.002	3.107	4.277	240.621
1616.000	0.006	0.002	3.103	4.277	240.621
1617.000	0.006	0.002	3.119	4.276	240.617
1618.000	0.006	0.002	3.123	4.276	240.617
1619.000	0.006	0.002	3.094	4.276	240.610
1620.000	0.006	0.002	3.125	4.276	240.610
1621.000	0.006	0.002	3.096	4.276	240.608
1622.000	0.006	0.002	3.124	4.276	240.608
1623.000	0.006	0.002	3.114	4.275	240.608
1624.000	0.006	0.002	3.098	4.275	240.608
1625.000	0.006	0.002	3.138	4.275	240.608
1626.000	0.006	0.002	3.137	4.275	240.608
1627.000	0.006	0.002	3.140	4.276	240.604
1628.000	0.006	0.002	3.118	4.276	240.604
1629.000	0.006	0.002	3.125	4.277	240.598
1630.000	0.006	0.002	3.127	4.277	240.598
1631.000	0.006	0.002	3.154	4.277	240.595
1632.000	0.006	0.002	3.154	4.277	240.595
1633.000	0.006	0.002	3.140	4.277	240.593
1634.000	0.006	0.002	3.137	4.277	240.593
1635.000	0.006	0.002	3.117	4.277	240.589
1636.000	0.006	0.002	3.131	4.277	240.589
1637.000	0.006	0.002	3.153	4.276	240.583
1638.000	0.006	0.002	3.151	4.276	240.583
1639.000	0.006	0.002	3.176	4.276	240.582
1640.000	0.006	0.002	3.130	4.276	240.582
1641.000	0.006	0.002	3.139	4.276	240.579
1642.000	0.006	0.002	3.139	4.276	240.579
1643.000	0.006	0.002	3.154	4.275	240.573
1644.000	0.006	0.002	3.122	4.275	240.573
1645.000	0.006	0.002	3.167	4.275	240.570
1646.000	0.006	0.002	3.146	4.275	240.570
1647.000	0.006	0.002	3.146	4.276	240.570
1648.000	0.006	0.002	3.147	4.276	240.570
1649.000	0.006	0.002	3.141	4.277	240.569
1650.000	0.006	0.002	3.127	4.277	240.561
1651.000	0.006	0.002	3.137	4.277	240.561
1652.000	0.006	0.002	3.140	4.277	240.563
1653.000	0.006	0.002	3.147	4.277	240.563
1654.000	0.006	0.002	3.123	4.277	240.558
1655.000	0.006	0.002	3.139	4.277	240.558
1656.000	0.006	0.002	3.123	4.277	240.554
1657.000	0.006	0.002	3.117	4.276	240.554
1658.000	0.006	0.002	3.150	4.276	240.549
1659.000	0.006	0.002	3.140	4.276	240.549
1660.000	0.006	0.002	3.141	4.276	240.547
1661.000	0.006	0.002	3.149	4.276	240.547
1662.000	0.006	0.002	3.113	4.276	240.543
1663.000	0.006	0.002	3.102	4.275	240.543
1664.000	0.006	0.002	3.153	4.275	240.542
1665.000	0.006	0.002	3.132	4.275	240.542
1666.000	0.006	0.002	3.141	4.275	240.543
1667.000	0.006	0.002	3.158	4.276	240.543
1668.000	0.006	0.002	3.138	4.276	240.538
1669.000	0.006	0.002	3.161	4.277	240.538
1670.000	0.006	0.002	3.157	4.277	240.532
1671.000	0.006	0.002	3.124	4.277	240.532
1672.000	0.006	0.002	3.121	4.277	240.527
1673.000	0.006	0.002	3.138	4.277	240.527
1674.000	0.006	0.002	3.147	4.277	240.528
1675.000	0.006	0.002	3.133	4.277	240.528
1676.000	0.006	0.002	3.123	4.277	240.526
1677.000	0.006	0.002	3.139	4.276	240.526
1678.000	0.006	0.002	3.134	4.276	240.521
1679.000	0.006	0.002	3.103	4.276	240.521
1680.000	0.006	0.002	3.119	4.276	240.517
1681.000	0.006	0.002	3.138	4.276	240.517
1682.000	0.006	0.002	3.122	4.276	240.513
1683.000	0.006	0.002	3.131	4.275	240.513
1684.000	0.006	0.002	3.146	4.275	240.509
1685.000	0.006	0.002	3.134	4.275	240.509
1686.000	0.006	0.002	3.153	4.275	240.509
1687.000	0.006	0.002	3.163	4.276	240.509
1688.000	0.006	0.002	3.170	4.276	240.508
1689.000	0.006	0.002	3.163	4.277	240.508
1690.000	0.006	0.002	3.147	4.277	240.504
1691.000	0.006	0.002	3.166	4.277	240.504
1692.000	0.006	0.002	3.133	4.277	240.502
1693.000	0.006	0.002	3.129	4.277	240.502
1694.000	0.006	0.002	3.126	4.277	240.497
1695.000	0.006	0.002	3.148	4.277	240.497
1696.000	0.006	0.002	3.121	4.277	240.497
1697.000	0.006	0.002	3.142	4.277	240.497
1698.000	0.006	0.002	3.137	4.277	240.491
1699.000	0.006	0.002	3.150	4.276	240.491
1700.000	0.006	0.002	3.126	4.276	240.489
1701.000	0.006	0.002	3.115	4.276	240.489
1702.000	0.006	0.002	3.114	4.276	240.487
1703.000	0.006	0.002	3.133	4.275	240.487
1704.000	0.006	0.002	3.138	4.275	240.480
1705.000	0.006	0.002	3.143	4.275	240.480
1706.000	0.006	0.002	3.134	4.275	240.477
1707.000	0.006	0.002	3.145	4.276	240.477
1708.000	0.006	0.002	3.134	4.276	240.478
1709.000	0.006	0.002	3.157	4.277	240.478
1710.000	0.006	0.002	3.179	4.277	240.473
1711.000	0.006	0.002	3.130	4.277	240.473
1712.000	0.006	0.002	3.106	4.277	240.467
1713.000	0.006	0.002	3.102	4.277	240.467
1714.000	0.006	0.002	3.121	4.277	240.466
1715.000	0.006	0.002	3.133	4.277	240.466
1716.000	0.006	0.002	3.141	4.277	240.463
1717.000	0.006	0.002	3.141	4.276	240.463
1718.000	0.006	0.002	3.125	4.276	240.463
1719.000	0.006	0.002	3.128	4.276	240.463
1720.000	0.006	0.002	3.098	4.276	240.455
1721.000	0.006	0.002	3.108	4.276	240.455
1722.000	0.006	0.002	3.129	4.276	240.447
1723.000	0.006	0.002	3.153	4.275	240.447
1724.000	0.006	0.002	3.135	4.275	240.447
1725.000	0.006	0.002	3.109	4.275	240.447
1726.000	0.006	0.002	3.137	4.275	240.446
1727.000	0.006	0.002	3.121	4.276	240.446
1728.000	0.006	0.002	3.142	4.276	240.442
1729.000	0.006	0.002	3.129	4.277	240.442
1730.000	0.006	0.002	3.132	4.277	240.440
1731.000	0.006	0.002	3.132	4.277	240.440
1732.000	0.006	0.002	3.133	4.277	240.438
1733.000	0.006	0.002	3.123	4.277	240.438
1734.000	0.006	0.002	3.134	4.277	240.434
1735.000	0.006	0.002	3.151	4.277	240.434
1736.000	0.006	0.002	3.112	4.277	240.431
1737.000	0.006	0.002	3.123	4.276	240.431
1738.000	0.006	0.002	3.151	4.276	240.429
1739.000	0.006	0.002	3.134	4.276	240.429
1740.000	0.006	0.002	3.135	4.276	240.424
1741.000	0.006	0.002	3.146	4.276	240.424
1742.000	0.006	0.002	3.178	4.276	240.419
1743.000	0.006	0.002	3.129	4.275	240.419
1744.000	0.006	0.002	3.105	4.275	240.416
1745.000	0.006	0.002	3.119	4.275	240.416
1746.000	0.006	0.002	3.150	4.275	240.413
1747.000	0.006	0.002	3.131	4.276	240.413
1748.000	0.006	0.002	3.111	4.276	240.411
1749.000	0.006	0.002	3.166	4.277	240.411
1750.000	0.006	0.002	3.135	4.277	240.412
1751.000	0.006	0.002	3.155	4.277	240.412
1752.000	0.006	0.002	3.135	4.277	240.410
1753.000	0.006	0.002	3.157	4.277	240.410
1754.000	0.006	0.002	3.144	4.277	240.408
1755.000	0.006	0.002	3.160	4.277	240.408
1756.000	0.006	0.002	3.166	4.277	240.406
1757.000	0.006	0.002	3.140	4.277	240.406
1758.000	0.006	0.002	3.128	4.276	240.397
1759.000	0.006	0.002	3.146	4.276	240.397
1760.000	0.006	0.002	3.157	4.276	240.395
1761.000	0.006	0.002	3.164	4.276	240.395
1762.000	0.006	0.002	3.148	4.275	240.392
1763.000	0.006	0.002	3.151	4.275	240.392
1764.000	0.006	0.002	3.163	4.275	240.390
1765.000	0.006	0.002	3.145	4.275	240.390
1766.000	0.006	0.002	3.147	4.276	240.385
1767.000	0.006	0.002	3.141	4.276	240.385
1768.000	0.006	0.002	3.136	4.277	240.381
1769.000	0.006	0.002	3.155	4.277	240.381
1770.000	0.006	0.002	3.174	4.277	240.378
1771.000	0.006	0.002	3.143	4.277	240.378
1772.000	0.006	0.002	3.158	4.277	240.375
1773.000	0.006	0.002	3.169	4.277	240.375
1774.000	0.006	0.002	3.170	4.277	240.376
1775.000	0.006	0.002	3.122	4.277	240.376
1776.000	0.006	0.002	3.132	4.277	240.371
1777.000	0.006	0.002	3.139	4.277	240.371
1778.000	0.006	0.002	3.154	4.276	240.367
1779.000	0.006	0.002	3.151	4.276	240.367
1780.000	0.006	0.002	3.142	4.276	240.365
1781.000	0.006	0.002	3.157	4.276	240.365
1782.000	0.006	0.002	3.159	4.275	240.357
1783.000	0.006	0.002	3.152	4.275	240.357
1784.000	0.006	0.002	3.139	4.275	240.355
1785.000	0.006	0.002	3.145	4.275	240.355
1786.000	0.006	0.002	3.142	4.276	240.356
1787.000	0.006	0.002	3.177	4.276	240.356
1788.000	0.006	0.002	3.147	4.277	240.354
1789.000	0.006	0.002	3.154	4.277	240.354
1790.000	0.006	0.002	3.161	4.277	240.350
1791.000	0.006	0.002	3.178	4.277	240.350
1792.000	0.006	0.002	3.151	4.277	240.345
1793.000	0.006	0.002	3.174	4.277	240.345
1794.000	0.006	0.002	3.153	4.277	240.343
1795.000	0.006	0.002	3.139	4.277	240.343
1796.000	0.006	0.002	3.144	4.277	240.341
1797.000	0.006	0.002	3.165	4.277	240.341
1798.000	0.006	0.002	3.143	4.276	240.338
1799.000	0.006	0.002	3.149	4.276	240.338
1800.000	0.006	0.002	3.147	4.276	240.333
1801.000	0.006	0.002	3.152	4.276	240.333
1802.000	0.006	0.002	3.157	4.276	240.329
1803.000	0.006	0.002	3.147	4.276	240.329
1804.000	0.006	0.002	3.174	4.275	240.326
1805.000	0.006	0.002	3.160	4.275	240.326
1806.000	0.006	0.002	3.183	4.276	240.324
1807.000	0.006	0.002	3.177	4.276	240.324
1808.000	0.006	0.002	3.130	4.277	240.319
1809.000	0.006	0.002	3.126	4.277	240.319
1810.000	0.006	0.002	3.153	4.277	240.316
1811.000	0.006	0.002	3.126	4.277	240.316
1812.000	0.006	0.002	3.173	4.277	240.316
1813.000	0.006	0.002	3.135	4.277	240.316
1814.000	0.006	0.002	3.147	4.277	240.315
1815.000	0.006	0.002	3.132	4.277	240.315
1816.000	0.006	0.002	3.172	4.277	240.310
1817.000	0.006	0.002	3.168	4.277	240.310
1818.000	0.006	0.002	3.143	4.276	240.307
1819.000	0.006	0.002	3.150	4.276	240.307
1820.000	0.006	0.002	3.156	4.276	240.305
1821.000	0.006	0.002	3.136	4.276	240.305
1822.000	0.006	0.002	3.151	4.275	240.299
1823.000	0.006	0.002	3.147	4.275	240.299
1824.000	0.006	0.002	3.151	4.275	240.294
1825.000	0.006	0.002	3.118	4.275	240.294
1826.000	0.006	0.002	3.128	4.276	240.294
1827.000	0.006	0.002	3.145	4.276	240.294
1828.000	0.006	0.002	3.128	4.277	240.294
1829.000	0.006	0.002	3.125	4.277	240.294
1830.000	0.006	0.002	3.116	4.277	240.292
1831.000	0.006	0.002	3.125	4.277	240.292
1832.000	0.006	0.002	3.107	4.277	240.288
1833.000	0.006	0.002	3.116	4.277	240.288
1834.000	0.006	0.002	3.122	4.277	240.283
1835.000	0.006	0.002	3.125	4.277	240.283
1836.000	0.006	0.002	3.129	4.277	240.277
1837.000	0.006	0.002	3.136	4.277	240.277
1838.000	0.006	0.002	3.134	4.276	240.275
1839.000	0.006	0.002	3.127	4.276	240.275
1840.000	0.006	0.002	3.124	4.276	240.272
1841.000	0.006	0.002	3.116	4.276	240.272
1842.000	0.006	0.002	3.119	4.276	240.265
1843.000	0.006	0.002	3.119	4.276	240.265
1844.000	0.006	0.002	3.118	4.275	240.261
1845.000	0.006	0.002	3.142	4.275	240.261
1846.000	0.006	0.002	3.136	4.276	240.261
1847.000	0.006	0.002	3.112	4.276	240.261
1848.000	0.006	0.002	3.129	4.277	240.259
1849.000	0.006	0.002	3.133	4.277	240.259
1850.000	0.006	0.002	3.117	4.277	240.257
1851.000	0.006	0.002	3.117	4.277	240.257
1852.000	0.006	0.002	3.143	4.277	240.255
1853.000	0.006	0.002	3.136	4.277	240.255
1854.000	0.006	0.002	3.127	4.277	240.253
1855.000	0.006	0.002	3.095	4.277	240.253
1856.000	0.006	0.002	3.135	4.277	240.251
1857.000	0.006	0.002	3.105	4.277	240.251
1858.000	0.006	0.002	3.141	4.276	240.246
1859.000	0.006	0.002	3.143	4.276	240.246
1860.000	0.006	0.002	3.147	4.276	240.239
1861.000	0.006	0.002	3.124	4.276	240.239
1862.000	0.006	0.002	3.127	4.276	240.235
1863.000	0.006	0.002	3.114	4.276	240.235
1864.000	0.006	0.002	3.111	4.275	240.235
1865.000	0.006	0.002	3.141	4.275	240.235
1866.000	0.006	0.002	3.114	4.276	240.233
1867.000	0.006	0.002	3.111	4.276	240.233
1868.000	0.006	0.002	3.114	4.277	240.232
1869.000	0.006	0.002	3.105	4.277	240.232
1870.000	0.006	0.002	3.122	4.277	240.229
1871.000	0.006	0.002	3.126	4.277	240.229
1872.000	0.006	0.002	3.109	4.277	240.227
1873.000	0.006	0.002	3.120	4.277	240.227
1874.000	0.006	0.002	3.121	4.277	240.225
1875.000	0.006	0.002	3.115	4.277	240.225
1876.000	0.006	0.002	3.132	4.277	240.222
1877.000	0.006	0.002	3.135	4.277	240.222
1878.000	0.006	0.002	3.133	4.276	240.214
1879.000	0.006	0.002	3.134	4.276	240.214
1880.000	0.006	0.002	3.112	4.276	240.206
1881.000	0.006	0.002	3.152	4.276	240.206
1882.000	0.006	0.002	3.139	4.276	240.204
1883.000	0.006	0.002	3.138	4.276	240.204
1884.000	0.006	0.002	3.116	4.275	240.204
1885.000	0.006	0.002	3.128	4.275	240.204
1886.000	0.006	0.002	3.129	4.276	240.202
1887.000	0.006	0.002	3.102	4.276	240.202
1888.000	0.006	0.002	3.117	4.277	240.199
1889.000	0.006	0.002	3.122	4.277	240.199
1890.000	0.006	0.002	3.138	4.277	240.193
1891.000	0.006	0.002	3.134	4.277	240.193
1892.000	0.006	0.002	3.127	4.277	240.191
1893.000	0.006	0.002	3.133	4.277	240.191
1894.000	0.006	0.002	3.125	4.277	240.190
1895.000	0.006	0.002	3.117	4.277	240.190
1896.000	0.006	0.002	3.143	4.277	240.187
1897.000	0.006	0.002	3.138	4.277	240.187
1898.000	0.006	0.002	3.128	4.277	240.182
1899.000	0.006	0.002	3.120	4.277	240.182
1900.000	0.006	0.002	3.156	4.276	240.177
1901.000	0.006	0.002	3.147	4.276	240.177
1902.000	0.006	0.002	3.121	4.276	240.176
