0.000	4.295	257.577	-253.282
1.000	4.295	256.156	-251.862
2.000	4.293	254.752	-250.459
3.000	4.293	253.386	-249.093
4.000	4.292	252.065	-247.773
5.000	4.292	250.781	-246.489
6.000	4.291	249.529	-245.238
7.000	4.291	248.301	-244.010
8.000	4.290	247.100	-242.810
9.000	4.288	245.980	-241.692
10.000	4.293	244.376	-240.083
11.000	4.296	241.671	-237.375
12.000	4.330	238.412	-234.083
13.000	4.413	234.460	-230.047
14.000	4.462	230.630	-226.168
15.000	4.485	226.750	-222.265
16.000	4.495	222.838	-218.343
17.000	4.499	218.898	-214.399
18.000	4.501	214.993	-210.492
19.000	4.502	211.095	-206.593
20.000	4.503	207.232	-202.730
21.000	4.502	203.446	-198.944
22.000	4.502	199.715	-195.213
23.000	4.501	196.032	-191.531
24.000	4.501	192.255	-187.754
25.000	4.755	185.248	-180.493
26.000	5.650	177.893	-172.243
27.000	7.035	171.499	-164.464
28.000	8.747	166.264	-157.517
29.000	12.497	161.569	-149.072
30.000	13.120	157.426	-144.306
31.000	13.799	153.493	-139.694
32.000	14.401	149.766	-135.365
33.000	14.956	146.194	-131.238
34.000	15.476	142.793	-127.317
35.000	15.920	139.505	-123.585
36.000	16.276	136.316	-120.040
37.000	16.529	133.228	-116.699
38.000	16.690	130.222	-113.532
39.000	16.767	127.303	-110.536
40.000	16.775	124.430	-107.655
41.000	16.728	121.634	-104.906
42.000	16.634	118.880	-102.246
43.000	16.498	116.158	-99.660
44.000	16.332	113.474	-97.142
45.000	16.136	110.833	-94.697
46.000	15.911	108.216	-92.305
47.000	15.670	105.611	-89.941
48.000	15.410	103.047	-87.637
49.000	15.141	100.489	-85.348
50.000	14.863	97.948	-83.085
51.000	14.566	95.371	-80.804
52.000	14.276	92.902	-78.626
53.000	13.975	90.388	-76.413
54.000	13.671	87.869	-74.198
55.000	13.371	85.358	-71.986
56.000	13.071	82.838	-69.767
57.000	12.782	80.305	-67.523
58.000	12.492	77.711	-65.219
59.000	12.213	75.156	-62.943
60.000	11.939	72.568	-60.629
61.000	11.675	69.969	-58.294
62.000	11.425	67.342	-55.916
63.000	11.187	64.668	-53.481
64.000	10.961	61.952	-50.991
65.000	10.750	59.194	-48.443
66.000	10.547	56.372	-45.825
67.000	10.354	53.474	-43.121
68.000	10.160	50.482	-40.323
69.000	9.969	47.389	-37.419
70.000	9.768	44.176	-34.408
71.000	9.560	40.804	-31.244
72.000	9.343	37.272	-27.929
73.000	9.123	33.575	-24.452
74.000	8.902	29.742	-20.839
75.000	8.694	25.984	-17.290
76.000	8.496	22.741	-14.245
77.000	8.310	20.385	-12.075
78.000	8.128	18.806	-10.678
79.000	7.953	17.706	-9.753
80.000	7.782	16.847	-9.065
81.000	7.622	16.160	-8.538
82.000	7.457	15.587	-8.130
83.000	7.290	15.115	-7.825
84.000	7.128	14.716	-7.588
85.000	6.970	14.364	-7.394
86.000	6.827	14.044	-7.217
87.000	6.696	13.748	-7.052
88.000	6.580	13.463	-6.882
89.000	6.486	13.194	-6.708
90.000	6.402	12.934	-6.532
91.000	6.325	12.693	-6.368
92.000	6.255	12.464	-6.209
93.000	6.196	12.252	-6.056
94.000	6.141	12.054	-5.913
95.000	6.089	11.867	-5.778
96.000	6.040	11.698	-5.658
97.000	5.994	11.534	-5.540
98.000	5.950	11.381	-5.431
99.000	5.909	11.240	-5.331
100.000	5.872	11.101	-5.229
101.000	5.836	10.973	-5.137
102.000	5.801	10.851	-5.051
103.000	5.768	10.739	-4.972
104.000	5.737	10.631	-4.894
105.000	5.707	10.528	-4.821
106.000	5.678	10.432	-4.754
107.000	5.650	10.336	-4.687
108.000	5.622	10.245	-4.623
109.000	5.595	10.160	-4.565
110.000	5.571	10.076	-4.505
111.000	5.548	10.001	-4.453
112.000	5.526	9.923	-4.398
113.000	5.503	9.852	-4.349
114.000	5.483	9.782	-4.299
115.000	5.462	9.716	-4.254
116.000	5.442	9.651	-4.209
117.000	5.422	9.588	-4.165
118.000	5.403	9.528	-4.125
119.000	5.385	9.468	-4.083
120.000	5.367	9.413	-4.047
121.000	5.349	9.359	-4.010
122.000	5.331	9.306	-3.975
123.000	5.314	9.253	-3.940
124.000	5.297	9.204	-3.907
125.000	5.281	9.155	-3.875
126.000	5.266	9.110	-3.844
127.000	5.252	9.063	-3.811
128.000	5.237	9.020	-3.782
129.000	5.224	8.975	-3.751
130.000	5.211	8.935	-3.724
131.000	5.198	8.890	-3.691
132.000	5.185	8.853	-3.667
133.000	5.173	8.812	-3.639
134.000	5.162	8.773	-3.611
135.000	5.150	8.737	-3.587
136.000	5.139	8.702	-3.563
137.000	5.128	8.668	-3.540
138.000	5.118	8.636	-3.518
139.000	5.107	8.601	-3.494
140.000	5.097	8.569	-3.473
141.000	5.087	8.538	-3.451
142.000	5.078	8.506	-3.428
143.000	5.068	8.474	-3.406
144.000	5.058	8.445	-3.387
145.000	5.048	8.416	-3.368
146.000	5.039	8.386	-3.347
147.000	5.030	8.360	-3.330
148.000	5.022	8.333	-3.311
149.000	5.013	8.308	-3.295
150.000	5.005	8.280	-3.276
151.000	4.996	8.257	-3.260
152.000	4.988	8.235	-3.248
153.000	4.980	8.211	-3.231
154.000	4.973	8.189	-3.216
155.000	4.966	8.165	-3.199
156.000	4.958	8.143	-3.185
157.000	4.951	8.118	-3.167
158.000	4.944	8.096	-3.152
159.000	4.937	8.073	-3.135
160.000	4.932	8.052	-3.120
161.000	4.925	8.029	-3.104
162.000	4.918	8.010	-3.092
163.000	4.912	7.990	-3.078
164.000	4.906	7.972	-3.066
165.000	4.900	7.954	-3.054
166.000	4.893	7.934	-3.041
167.000	4.887	7.917	-3.030
168.000	4.881	7.901	-3.019
169.000	4.875	7.882	-3.007
170.000	4.870	7.865	-2.995
171.000	4.864	7.848	-2.984
172.000	4.859	7.832	-2.973
173.000	4.853	7.816	-2.963
174.000	4.847	7.800	-2.953
175.000	4.842	7.783	-2.941
176.000	4.837	7.767	-2.930
177.000	4.832	7.754	-2.922
178.000	4.826	7.737	-2.911
179.000	4.821	7.723	-2.902
180.000	4.815	7.707	-2.892
181.000	4.810	7.693	-2.883
182.000	4.805	7.678	-2.873
183.000	4.800	7.664	-2.863
184.000	4.794	7.650	-2.855
185.000	4.791	7.638	-2.848
186.000	4.785	7.623	-2.838
187.000	4.780	7.612	-2.832
188.000	4.776	7.600	-2.824
189.000	4.772	7.587	-2.814
190.000	4.768	7.575	-2.807
191.000	4.764	7.562	-2.798
192.000	4.760	7.551	-2.791
193.000	4.755	7.538	-2.783
194.000	4.751	7.528	-2.777
195.000	4.748	7.515	-2.768
196.000	4.745	7.503	-2.758
197.000	4.741	7.494	-2.753
198.000	4.738	7.481	-2.743
199.000	4.735	7.470	-2.735
200.000	4.731	7.459	-2.728
201.000	4.727	7.449	-2.722
202.000	4.724	7.437	-2.713
