0.000	15.747	15.747	0.000
1.000	16.037	16.037	0.000
2.000	16.394	16.394	0.000
3.000	16.809	16.809	0.000
4.000	17.266	17.266	0.000
5.000	17.761	17.761	0.000
6.000	18.288	18.288	0.000
7.000	18.840	18.840	0.000
8.000	19.410	19.410	0.000
9.000	19.995	19.995	0.000
10.000	20.588	20.588	0.000
11.000	21.192	21.192	0.000
12.000	21.788	21.788	0.000
13.000	22.397	22.397	0.000
14.000	22.988	22.988	0.000
15.000	23.587	23.587	0.000
16.000	24.165	24.165	0.000
17.000	24.741	24.741	0.000
18.000	25.301	25.301	0.000
19.000	25.850	25.850	0.000
20.000	26.390	26.390	0.000
21.000	26.907	26.907	0.000
22.000	27.424	27.424	0.000
23.000	27.919	27.919	0.000
24.000	28.398	28.398	0.000
25.000	28.873	28.873	0.000
26.000	29.328	29.328	0.000
27.000	29.767	29.767	0.000
28.000	30.204	30.204	0.000
29.000	30.623	30.623	0.000
30.000	31.025	31.025	0.000
31.000	31.421	31.421	0.000
32.000	31.809	31.809	0.000
33.000	32.183	32.183	0.000
34.000	32.544	32.544	0.000
35.000	32.898	32.898	0.000
36.000	33.246	33.246	0.000
37.000	33.582	33.582	0.000
38.000	33.907	33.907	0.000
39.000	34.223	34.223	0.000
40.000	34.540	34.540	0.000
41.000	34.847	34.847	0.000
42.000	35.144	35.144	0.000
43.000	35.433	35.433	0.000
44.000	35.713	35.713	0.000
45.000	35.993	35.993	0.000
46.000	36.269	36.269	0.000
47.000	36.538	36.538	0.000
48.000	36.799	36.799	0.000
49.000	37.054	37.054	0.000
50.000	37.303	37.303	0.000
51.000	37.551	37.551	0.000
52.000	37.797	37.797	0.000
53.000	38.037	38.037	0.000
54.000	38.272	38.272	0.000
55.000	38.502	38.502	0.000
56.000	38.727	38.727	0.000
57.000	38.947	38.947	0.000
58.000	39.169	39.169	0.000
59.000	39.388	39.388	0.000
60.000	39.603	39.603	0.000
61.000	39.814	39.814	0.000
62.000	40.021	40.021	0.000
63.000	40.224	40.224	0.000
64.000	40.424	40.424	0.000
65.000	40.621	40.621	0.000
66.000	40.820	40.820	0.000
67.000	41.016	41.016	0.000
68.000	41.208	41.208	0.000
69.000	41.398	41.398	0.000
70.000	41.584	41.584	0.000
71.000	41.768	41.768	0.000
72.000	41.948	41.948	0.000
73.000	42.126	42.126	0.000
74.000	42.306	42.306	0.000
75.000	42.485	42.485	0.000
76.000	42.661	42.661	0.000
77.000	42.835	42.835	0.000
78.000	43.007	43.007	0.000
79.000	43.176	43.176	0.000
80.000	43.343	43.343	0.000
81.000	43.508	43.508	0.000
82.000	43.670	43.670	0.000
83.000	43.831	43.831	0.000
84.000	43.990	43.990	0.000
85.000	44.152	44.152	0.000
86.000	44.312	44.312	0.000
87.000	44.471	44.471	0.000
88.000	44.627	44.627	0.000
89.000	44.782	44.782	0.000
90.000	44.934	44.934	0.000
91.000	45.085	45.085	0.000
92.000	45.235	45.235	0.000
93.000	45.383	45.383	0.000
94.000	45.529	45.529	0.000
95.000	45.673	45.673	0.000
96.000	45.816	45.816	0.000
97.000	45.962	45.962	0.000
98.000	46.106	46.106	0.000
99.000	46.249	46.249	0.000
100.000	46.391	46.391	0.000
101.000	46.531	46.531	0.000
102.000	46.670	46.670	0.000
103.000	46.808	46.808	0.000
104.000	46.944	46.944	0.000
105.000	47.079	47.079	0.000
106.000	47.213	47.213	0.000
107.000	47.345	47.345	0.000
108.000	47.477	47.477	0.000
109.000	47.607	47.607	0.000
110.000	47.740	47.740	0.000
111.000	47.872	47.872	0.000
112.000	48.002	48.002	0.000
113.000	48.132	48.132	0.000
114.000	48.260	48.260	0.000
115.000	48.387	48.387	0.000
116.000	48.513	48.513	0.000
117.000	48.638	48.638	0.000
118.000	48.761	48.761	0.000
119.000	48.884	48.884	0.000
120.000	49.006	49.006	0.000
121.000	49.127	49.127	0.000
122.000	49.247	49.247	0.000
123.000	49.365	49.365	0.000
124.000	49.485	49.485	0.000
125.000	49.603	49.603	0.000
126.000	49.717	49.717	0.000
127.000	49.824	49.824	0.000
128.000	49.923	49.923	0.000
129.000	50.014	50.014	0.000
130.000	50.097	50.097	0.000
131.000	50.173	50.173	0.000
132.000	50.242	50.242	0.000
133.000	50.305	50.305	0.000
134.000	50.361	50.361	0.000
135.000	50.413	50.413	0.000
136.000	50.460	50.460	0.000
137.000	50.504	50.504	0.000
138.000	50.543	50.543	0.000
139.000	50.577	50.577	0.000
140.000	50.607	50.607	0.000
141.000	50.635	50.635	0.000
142.000	50.660	50.660	0.000
143.000	50.683	50.683	0.000
144.000	50.703	50.703	0.000
145.000	50.721	50.721	0.000
146.000	50.737	50.737	0.000
147.000	50.751	50.751	0.000
148.000	50.764	50.764	0.000
149.000	50.775	50.775	0.000
150.000	50.784	50.784	0.000
151.000	50.792	50.792	0.000
152.000	50.799	50.799	0.000
153.000	50.804	50.804	0.000
154.000	50.809	50.809	0.000
155.000	50.812	50.812	0.000
156.000	50.815	50.815	0.000
157.000	50.816	50.816	0.000
158.000	50.817	50.817	0.000
159.000	50.817	50.817	0.000
160.000	50.817	50.817	0.000
161.000	50.815	50.815	0.000
162.000	50.813	50.813	0.000
163.000	50.810	50.810	0.000
164.000	50.807	50.807	0.000
165.000	50.803	50.803	0.000
166.000	50.793	50.793	0.000
167.000	50.778	50.778	0.000
168.000	50.739	50.739	0.000
169.000	50.679	50.679	0.000
170.000	50.601	50.601	0.000
171.000	50.506	50.506	0.000
172.000	50.399	50.399	0.000
173.000	50.279	50.279	0.000
174.000	50.151	50.151	0.000
175.000	50.015	50.015	0.000
176.000	49.872	49.872	0.000
177.000	49.724	49.724	0.000
178.000	49.572	49.572	0.000
179.000	49.415	49.415	0.000
180.000	49.261	49.261	0.000
181.000	49.104	49.104	0.000
182.000	48.945	48.945	0.000
183.000	48.785	48.785	0.000
184.000	48.623	48.623	0.000
185.000	48.461	48.461	0.000
186.000	48.297	48.297	0.000
187.000	48.132	48.132	0.000
188.000	47.967	47.967	0.000
189.000	47.800	47.800	0.000
190.000	47.634	47.634	0.000
191.000	47.471	47.471	0.000
192.000	47.308	47.308	0.000
193.000	47.144	47.144	0.000
194.000	46.980	46.980	0.000
195.000	46.815	46.815	0.000
196.000	46.650	46.650	0.000
197.000	46.484	46.484	0.000
198.000	46.317	46.317	0.000
199.000	46.150	46.150	0.000
200.000	45.982	45.982	0.000
201.000	45.813	45.813	0.000
202.000	45.648	45.648	0.000
203.000	45.483	45.483	0.000
204.000	45.317	45.317	0.000
205.000	45.150	45.150	0.000
206.000	44.982	44.982	0.000
207.000	44.813	44.813	0.000
208.000	44.643	44.643	0.000
209.000	44.471	44.471	0.000
210.000	44.298	44.298	0.000
211.000	44.124	44.124	0.000
212.000	43.950	43.950	0.000
213.000	43.780	43.780	0.000
214.000	43.608	43.608	0.000
215.000	43.435	43.435	0.000
216.000	43.260	43.260	0.000
217.000	43.083	43.083	0.000
218.000	42.905	42.905	0.000
219.000	42.725	42.725	0.000
220.000	42.543	42.543	0.000
221.000	42.360	42.360	0.000
222.000	42.176	42.176	0.000
223.000	41.995	41.995	0.000
224.000	41.813	41.813	0.000
225.000	41.629	41.629	0.000
226.000	41.442	41.442	0.000
227.000	41.254	41.254	0.000
228.000	41.063	41.063	0.000
229.000	40.870	40.870	0.000
230.000	40.675	40.675	0.000
231.000	40.482	40.482	0.000
232.000	40.289	40.289	0.000
233.000	40.093	40.093	0.000
234.000	39.895	39.895	0.000
235.000	39.694	39.694	0.000
236.000	39.491	39.491	0.000
237.000	39.285	39.285	0.000
238.000	39.076	39.076	0.000
239.000	38.870	38.870	0.000
240.000	38.663	38.663	0.000
241.000	38.453	38.453	0.000
242.000	38.241	38.241	0.000
243.000	38.025	38.025	0.000
244.000	37.806	37.806	0.000
245.000	37.583	37.583	0.000
246.000	37.358	37.358	0.000
247.000	37.136	37.136	0.000
248.000	36.910	36.910	0.000
249.000	36.681	36.681	0.000
250.000	36.448	36.448	0.000
251.000	36.211	36.211	0.000
252.000	35.970	35.970	0.000
253.000	35.727	35.727	0.000
254.000	35.486	35.486	0.000
255.000	35.241	35.241	0.000
256.000	34.991	34.991	0.000
257.000	34.736	34.736	0.000
258.000	34.476	34.476	0.000
259.000	34.210	34.210	0.000
260.000	33.949	33.949	0.000
261.000	33.682	33.682	0.000
262.000	33.410	33.410	0.000
263.000	33.132	33.132	0.000
264.000	32.846	32.846	0.000
265.000	32.560	32.560	0.000
266.000	32.272	32.272	0.000
267.000	31.977	31.977	0.000
268.000	31.674	31.674	0.000
269.000	31.364	31.364	0.000
270.000	31.051	31.051	0.000
271.000	30.737	30.737	0.000
272.000	30.414	30.414	0.000
273.000	30.083	30.083	0.000
274.000	29.741	29.741	0.000
275.000	29.401	29.401	0.000
276.000	29.052	29.052	0.000
277.000	28.692	28.692	0.000
278.000	28.321	28.321	0.000
279.000	27.953	27.953	0.000
280.000	27.573	27.573	0.000
281.000	27.180	27.180	0.000
282.000	26.777	26.777	0.000
283.000	26.372	26.372	0.000
284.000	25.949	25.949	0.000
285.000	25.513	25.513	0.000
286.000	25.073	25.073	0.000
287.000	24.614	24.614	0.000
288.000	24.142	24.142	0.000
289.000	23.663	23.663	0.000
290.000	23.164	23.164	0.000
291.000	22.659	22.659	0.000
292.000	22.140	22.140	0.000
293.000	21.610	21.610	0.000
294.000	21.075	21.075	0.000
295.000	20.529	20.529	0.000
296.000	19.983	19.983	0.000
297.000	19.437	19.437	0.000
298.000	18.894	18.894	0.000
299.000	18.357	18.357	0.000
300.000	17.832	17.832	0.000
301.000	17.325	17.325	0.000
302.000	16.834	16.834	0.000
303.000	16.361	16.361	0.000
304.000	15.910	15.910	0.000
305.000	15.484	15.484	0.000
306.000	15.078	15.078	0.000
307.000	14.692	14.692	0.000
308.000	14.332	14.332	0.000
309.000	13.991	13.991	0.000
310.000	13.666	13.666	0.000
311.000	13.364	13.364	0.000
312.000	13.075	13.075	0.000
313.000	12.806	12.806	0.000
314.000	12.547	12.547	0.000
315.000	12.306	12.306	0.000
316.000	12.073	12.073	0.000
317.000	11.856	11.856	0.000
318.000	11.648	11.648	0.000
319.000	11.450	11.450	0.000
320.000	11.263	11.263	0.000
321.000	11.081	11.081	0.000
322.000	10.910	10.910	0.000
323.000	10.746	10.746	0.000
324.000	10.586	10.586	0.000
325.000	10.436	10.436	0.000
326.000	10.290	10.290	0.000
327.000	10.148	10.148	0.000
328.000	10.016	10.016	0.000
329.000	9.886	9.886	0.000
330.000	9.760	9.760	0.000
331.000	9.640	9.640	0.000
332.000	9.526	9.526	0.000
333.000	9.413	9.413	0.000
334.000	9.303	9.303	0.000
335.000	9.199	9.199	0.000
336.000	9.099	9.099	0.000
337.000	9.001	9.001	0.000
338.000	8.906	8.906	0.000
339.000	8.814	8.814	0.000
340.000	8.726	8.726	0.000
341.000	8.640	8.640	0.000
342.000	8.556	8.556	0.000
343.000	8.472	8.472	0.000
344.000	8.393	8.393	0.000
345.000	8.316	8.316	0.000
346.000	8.241	8.241	0.000
347.000	8.167	8.167	0.000
348.000	8.094	8.094	0.000
349.000	8.025	8.025	0.000
350.000	7.960	7.960	0.000
351.000	7.896	7.896	0.000
352.000	7.834	7.834	0.000
353.000	7.773	7.773	0.000
354.000	7.719	7.719	0.000
355.000	7.659	7.659	0.000
356.000	7.605	7.605	0.000
357.000	7.552	7.552	0.000
358.000	7.501	7.501	0.000
359.000	7.450	7.450	0.000
360.000	7.401	7.401	0.000
361.000	7.353	7.353	0.000
362.000	7.305	7.305	0.000
363.000	7.260	7.260	0.000
364.000	7.216	7.216	0.000
365.000	7.173	7.173	0.000
366.000	7.129	7.129	0.000
367.000	7.086	7.086	0.000
368.000	7.042	7.042	0.000
369.000	6.998	6.998	0.000
370.000	6.954	6.954	0.000
371.000	6.913	6.913	0.000
372.000	6.872	6.872	0.000
373.000	6.832	6.832	0.000
374.000	6.792	6.792	0.000
375.000	6.752	6.752	0.000
376.000	6.713	6.713	0.000
377.000	6.674	6.674	0.000
378.000	6.636	6.636	0.000
379.000	6.599	6.599	0.000
380.000	6.564	6.564	0.000
381.000	6.531	6.531	0.000
382.000	6.499	6.499	0.000
383.000	6.468	6.468	0.000
384.000	6.437	6.437	0.000
385.000	6.408	6.408	0.000
386.000	6.380	6.380	0.000
387.000	6.352	6.352	0.000
388.000	6.325	6.325	0.000
389.000	6.300	6.300	0.000
390.000	6.274	6.274	0.000
391.000	6.250	6.250	0.000
392.000	6.228	6.228	0.000
393.000	6.206	6.206	0.000
394.000	6.185	6.185	0.000
395.000	6.165	6.165	0.000
396.000	6.145	6.145	0.000
397.000	6.125	6.125	0.000
398.000	6.106	6.106	0.000
399.000	6.088	6.088	0.000
400.000	6.070	6.070	0.000
401.000	6.053	6.053	0.000
402.000	6.035	6.035	0.000
403.000	6.018	6.018	0.000
404.000	6.001	6.001	0.000
405.000	5.985	5.985	0.000
406.000	5.969	5.969	0.000
407.000	5.953	5.953	0.000
408.000	5.937	5.937	0.000
409.000	5.922	5.922	0.000
410.000	5.907	5.907	0.000
411.000	5.893	5.893	0.000
412.000	5.880	5.880	0.000
413.000	5.866	5.866	0.000
414.000	5.853	5.853	0.000
415.000	5.840	5.840	0.000
416.000	5.828	5.828	0.000
417.000	5.815	5.815	0.000
418.000	5.803	5.803	0.000
419.000	5.790	5.790	0.000
420.000	5.778	5.778	0.000
421.000	5.766	5.766	0.000
422.000	5.755	5.755	0.000
423.000	5.743	5.743	0.000
424.000	5.732	5.732	0.000
425.000	5.720	5.720	0.000
426.000	5.709	5.709	0.000
427.000	5.698	5.698	0.000
428.000	5.687	5.687	0.000
429.000	5.677	5.677	0.000
430.000	5.666	5.666	0.000
431.000	5.656	5.656	0.000
432.000	5.645	5.645	0.000
433.000	5.635	5.635	0.000
434.000	5.625	5.625	0.000
435.000	5.615	5.615	0.000
436.000	5.606	5.606	0.000
437.000	5.596	5.596	0.000
438.000	5.586	5.586	0.000
439.000	5.577	5.577	0.000
440.000	5.568	5.568	0.000
441.000	5.560	5.560	0.000
442.000	5.552	5.551	0.001
443.000	5.544	5.543	0.001
444.000	5.535	5.535	0.001
445.000	5.527	5.526	0.001
446.000	5.518	5.518	0.000
447.000	5.510	5.510	0.000
448.000	5.503	5.502	0.001
449.000	5.494	5.494	0.000
450.000	5.487	5.486	0.001
451.000	5.479	5.478	0.001
452.000	5.472	5.471	0.001
453.000	5.464	5.463	0.001
454.000	5.457	5.456	0.001
455.000	5.449	5.448	0.001
456.000	5.442	5.441	0.001
457.000	5.434	5.434	0.000
458.000	5.427	5.426	0.001
459.000	5.420	5.420	0.001
460.000	5.413	5.412	0.001
461.000	5.406	5.405	0.001
462.000	5.399	5.399	0.001
463.000	5.392	5.391	0.001
464.000	5.385	5.385	0.000
465.000	5.379	5.378	0.001
466.000	5.372	5.371	0.001
467.000	5.366	5.365	0.001
468.000	5.359	5.358	0.001
469.000	5.353	5.352	0.001
470.000	5.346	5.345	0.001
471.000	5.340	5.339	0.001
472.000	5.334	5.333	0.001
473.000	5.327	5.327	0.001
474.000	5.321	5.320	0.001
475.000	5.315	5.314	0.001
476.000	5.309	5.308	0.001
477.000	5.303	5.302	0.001
478.000	5.297	5.296	0.001
479.000	5.291	5.290	0.001
480.000	5.285	5.284	0.001
481.000	5.279	5.278	0.001
482.000	5.274	5.273	0.001
483.000	5.268	5.267	0.001
484.000	5.263	5.262	0.001
485.000	5.258	5.257	0.001
486.000	5.252	5.252	0.001
487.000	5.247	5.247	0.001
488.000	5.242	5.241	0.001
489.000	5.237	5.236	0.001
490.000	5.232	5.231	0.001
491.000	5.227	5.226	0.001
492.000	5.222	5.221	0.001
493.000	5.217	5.216	0.001
494.000	5.212	5.211	0.001
495.000	5.207	5.206	0.001
496.000	5.202	5.202	0.001
497.000	5.197	5.197	0.001
498.000	5.193	5.192	0.001
499.000	5.188	5.187	0.001
500.000	5.183	5.182	0.001
501.000	5.179	5.178	0.001
502.000	5.174	5.173	0.001
503.000	5.169	5.168	0.001
504.000	5.165	5.164	0.001
505.000	5.160	5.159	0.001
506.000	5.156	5.155	0.001
507.000	5.151	5.150	0.001
508.000	5.146	5.146	0.001
509.000	5.142	5.141	0.001
510.000	5.137	5.137	0.001
511.000	5.133	5.132	0.001
512.000	5.129	5.128	0.001
513.000	5.125	5.124	0.001
514.000	5.120	5.120	0.001
515.000	5.116	5.115	0.001
516.000	5.112	5.111	0.001
517.000	5.108	5.107	0.001
518.000	5.104	5.103	0.001
519.000	5.100	5.099	0.001
520.000	5.096	5.095	0.001
521.000	5.092	5.091	0.001
522.000	5.088	5.087	0.001
523.000	5.084	5.083	0.001
524.000	5.080	5.079	0.001
525.000	5.076	5.075	0.001
526.000	5.072	5.071	0.001
527.000	5.068	5.067	0.001
528.000	5.064	5.063	0.001
529.000	5.061	5.060	0.001
530.000	5.057	5.056	0.001
531.000	5.053	5.052	0.001
532.000	5.050	5.049	0.001
533.000	5.046	5.045	0.001
534.000	5.042	5.041	0.001
535.000	5.038	5.037	0.001
536.000	5.035	5.034	0.001
537.000	5.031	5.030	0.001
538.000	5.027	5.026	0.001
539.000	5.024	5.023	0.001
540.000	5.020	5.019	0.001
541.000	5.017	5.016	0.001
542.000	5.013	5.013	0.001
543.000	5.010	5.009	0.001
544.000	5.006	5.006	0.001
545.000	5.003	5.002	0.001
546.000	5.000	4.999	0.001
547.000	4.997	4.996	0.001
548.000	4.993	4.992	0.001
549.000	4.990	4.989	0.001
550.000	4.986	4.985	0.001
551.000	4.983	4.982	0.001
552.000	4.980	4.979	0.001
553.000	4.976	4.976	0.001
554.000	4.973	4.973	0.001
555.000	4.970	4.969	0.001
556.000	4.967	4.966	0.001
557.000	4.964	4.963	0.001
558.000	4.961	4.960	0.001
559.000	4.958	4.957	0.001
560.000	4.955	4.954	0.001
561.000	4.952	4.951	0.001
562.000	4.949	4.948	0.001
563.000	4.946	4.946	0.001
564.000	4.944	4.943	0.001
565.000	4.941	4.940	0.001
566.000	4.938	4.937	0.001
567.000	4.935	4.934	0.001
568.000	4.932	4.931	0.001
569.000	4.929	4.928	0.001
570.000	4.926	4.925	0.001
571.000	4.923	4.923	0.001
572.000	4.921	4.920	0.001
573.000	4.918	4.917	0.001
574.000	4.915	4.914	0.001
575.000	4.912	4.911	0.001
576.000	4.910	4.909	0.001
577.000	4.907	4.906	0.001
578.000	4.904	4.903	0.001
579.000	4.901	4.901	0.001
580.000	4.899	4.898	0.001
581.000	4.896	4.895	0.001
582.000	4.893	4.893	0.001
583.000	4.891	4.890	0.001
584.000	4.888	4.888	0.001
585.000	4.886	4.885	0.001
586.000	4.883	4.882	0.001
587.000	4.881	4.880	0.001
588.000	4.878	4.878	0.001
589.000	4.876	4.875	0.001
590.000	4.873	4.872	0.001
591.000	4.870	4.870	0.001
592.000	4.868	4.867	0.001
593.000	4.865	4.864	0.001
594.000	4.863	4.862	0.001
595.000	4.861	4.860	0.001
596.000	4.858	4.857	0.001
597.000	4.856	4.855	0.001
598.000	4.853	4.852	0.001
599.000	4.851	4.850	0.001
600.000	4.848	4.848	0.001
601.000	4.846	4.845	0.001
602.000	4.843	4.843	0.001
603.000	4.841	4.840	0.001
604.000	4.839	4.838	0.001
605.000	4.837	4.836	0.001
606.000	4.834	4.833	0.001
607.000	4.832	4.831	0.001
608.000	4.830	4.829	0.001
609.000	4.827	4.827	0.001
610.000	4.825	4.824	0.001
611.000	4.823	4.822	0.001
612.000	4.821	4.820	0.001
613.000	4.818	4.817	0.001
614.000	4.816	4.815	0.001
615.000	4.814	4.813	0.001
616.000	4.812	4.811	0.001
617.000	4.809	4.809	0.001
618.000	4.807	4.806	0.001
619.000	4.805	4.804	0.001
620.000	4.803	4.802	0.001
621.000	4.801	4.800	0.001
622.000	4.798	4.798	0.001
623.000	4.796	4.795	0.001
624.000	4.794	4.793	0.001
625.000	4.792	4.791	0.001
626.000	4.790	4.789	0.001
627.000	4.788	4.787	0.001
628.000	4.786	4.785	0.001
629.000	4.784	4.783	0.001
630.000	4.782	4.781	0.001
631.000	4.779	4.779	0.001
632.000	4.777	4.777	0.001
633.000	4.775	4.774	0.001
634.000	4.773	4.772	0.001
635.000	4.771	4.771	0.001
636.000	4.769	4.768	0.001
637.000	4.767	4.766	0.001
638.000	4.765	4.764	0.001
639.000	4.763	4.763	0.001
640.000	4.761	4.761	0.001
641.000	4.759	4.759	0.001
642.000	4.757	4.757	0.001
643.000	4.755	4.755	0.001
644.000	4.753	4.753	0.001
645.000	4.751	4.751	0.001
646.000	4.750	4.749	0.001
647.000	4.748	4.747	0.001
648.000	4.746	4.745	0.001
649.000	4.744	4.743	0.001
650.000	4.742	4.741	0.001
651.000	4.740	4.739	0.001
652.000	4.738	4.737	0.001
653.000	4.736	4.736	0.001
654.000	4.735	4.734	0.001
655.000	4.733	4.732	0.001
656.000	4.731	4.730	0.001
657.000	4.729	4.728	0.001
658.000	4.727	4.726	0.001
659.000	4.726	4.725	0.001
660.000	4.724	4.723	0.001
661.000	4.722	4.721	0.001
662.000	4.720	4.719	0.001
663.000	4.718	4.718	0.001
664.000	4.717	4.716	0.001
665.000	4.715	4.714	0.001
666.000	4.713	4.713	0.001
667.000	4.711	4.711	0.001
668.000	4.710	4.709	0.001
669.000	4.708	4.707	0.001
670.000	4.707	4.706	0.001
671.000	4.705	4.704	0.001
672.000	4.703	4.702	0.001
673.000	4.701	4.700	0.001
674.000	4.700	4.699	0.001
675.000	4.698	4.698	0.001
676.000	4.697	4.696	0.001
677.000	4.695	4.695	0.001
678.000	4.694	4.693	0.001
679.000	4.692	4.692	0.001
680.000	4.691	4.690	0.001
681.000	4.689	4.688	0.001
682.000	4.688	4.687	0.001
683.000	4.686	4.685	0.001
684.000	4.685	4.685	0.000
685.000	4.683	4.683	0.000
686.000	4.682	4.682	0.000
687.000	4.680	4.680	0.000
688.000	4.679	4.679	0.000
689.000	4.677	4.676	0.001
690.000	4.676	4.676	0.000
691.000	4.674	4.674	0.000
692.000	4.673	4.673	0.000
693.000	4.672	4.672	0.000
694.000	4.670	4.670	0.001
695.000	4.669	4.669	0.000
696.000	4.667	4.667	0.000
697.000	4.666	4.665	0.001
698.000	4.665	4.665	0.000
699.000	4.663	4.663	0.000
700.000	4.662	4.661	0.001
701.000	4.661	4.661	0.000
702.000	4.659	4.659	0.000
703.000	4.658	4.658	0.000
704.000	4.657	4.657	0.000
705.000	4.655	4.655	0.000
706.000	4.654	4.654	0.000
707.000	4.653	4.653	0.000
708.000	4.651	4.651	0.000
709.000	4.650	4.650	0.000
710.000	4.649	4.649	0.000
711.000	4.647	4.647	0.000
712.000	4.646	4.646	0.000
713.000	4.644	4.644	0.000
714.000	4.643	4.643	0.000
715.000	4.642	4.642	0.000
716.000	4.641	4.641	0.000
717.000	4.639	4.639	0.000
718.000	4.638	4.638	0.000
719.000	4.636	4.636	0.000
720.000	4.635	4.635	0.000
721.000	4.634	4.634	0.000
722.000	4.633	4.633	0.000
723.000	4.631	4.631	0.000
724.000	4.630	4.629	0.001
725.000	4.629	4.629	0.000
726.000	4.627	4.627	0.000
727.000	4.626	4.626	0.000
728.000	4.625	4.625	0.000
729.000	4.624	4.624	0.000
730.000	4.622	4.622	0.000
731.000	4.621	4.621	0.000
732.000	4.620	4.620	0.000
733.000	4.619	4.619	0.000
734.000	4.617	4.617	0.000
735.000	4.616	4.616	0.000
736.000	4.615	4.615	0.000
737.000	4.614	4.614	0.000
738.000	4.613	4.613	0.000
739.000	4.612	4.612	0.000
740.000	4.610	4.610	0.000
741.000	4.609	4.609	0.000
742.000	4.608	4.608	0.000
743.000	4.607	4.607	0.000
744.000	4.606	4.606	0.000
745.000	4.605	4.605	0.000
746.000	4.604	4.604	0.000
747.000	4.603	4.603	0.000
748.000	4.601	4.601	0.000
749.000	4.600	4.600	0.000
750.000	4.599	4.599	0.000
751.000	4.598	4.598	0.000
752.000	4.597	4.597	0.000
753.000	4.596	4.596	0.000
754.000	4.594	4.594	0.000
755.000	4.593	4.593	0.000
756.000	4.592	4.592	0.000
757.000	4.591	4.591	0.000
758.000	4.590	4.590	0.000
759.000	4.589	4.589	0.000
760.000	4.588	4.588	0.000
761.000	4.587	4.587	0.000
762.000	4.586	4.586	0.000
763.000	4.585	4.585	0.000
764.000	4.584	4.584	0.000
765.000	4.583	4.583	0.000
766.000	4.582	4.582	0.000
767.000	4.581	4.581	0.000
768.000	4.580	4.580	0.000
769.000	4.579	4.579	0.000
770.000	4.578	4.578	0.000
771.000	4.577	4.577	0.000
772.000	4.576	4.576	0.000
773.000	4.575	4.575	0.000
774.000	4.574	4.574	0.000
775.000	4.573	4.573	0.000
776.000	4.572	4.572	0.000
777.000	4.570	4.570	0.000
778.000	4.569	4.569	0.000
779.000	4.568	4.568	0.000
780.000	4.567	4.567	0.000
781.000	4.566	4.566	0.000
782.000	4.565	4.565	0.000
783.000	4.565	4.565	0.000
784.000	4.564	4.564	0.000
785.000	4.563	4.563	0.000
786.000	4.562	4.562	0.000
787.000	4.561	4.561	0.000
788.000	4.560	4.560	0.000
789.000	4.559	4.559	0.000
790.000	4.558	4.558	0.000
791.000	4.557	4.557	0.000
792.000	4.556	4.556	0.000
793.000	4.555	4.555	0.000
794.000	4.554	4.554	0.000
795.000	4.553	4.553	0.000
796.000	4.552	4.552	0.000
797.000	4.552	4.552	0.000
798.000	4.551	4.551	0.000
799.000	4.550	4.550	0.000
800.000	4.549	4.549	0.000
801.000	4.548	4.548	0.000
802.000	4.547	4.547	0.000
803.000	4.546	4.546	0.000
804.000	4.545	4.545	0.000
805.000	4.544	4.544	0.000
806.000	4.543	4.543	0.000
807.000	4.543	4.543	0.000
808.000	4.542	4.542	0.000
809.000	4.541	4.541	0.000
810.000	4.540	4.540	0.000
811.000	4.539	4.539	0.000
812.000	4.538	4.538	0.000
813.000	4.537	4.537	0.000
814.000	4.536	4.536	0.000
815.000	4.535	4.535	0.000
816.000	4.535	4.535	0.000
817.000	4.534	4.534	0.000
818.000	4.532	4.532	0.000
819.000	4.532	4.532	0.000
820.000	4.531	4.531	0.000
821.000	4.530	4.530	0.000
822.000	4.529	4.529	0.000
823.000	4.528	4.528	0.000
824.000	4.527	4.527	0.000
825.000	4.527	4.527	0.000
826.000	4.526	4.526	0.000
827.000	4.525	4.525	0.000
828.000	4.524	4.524	0.000
829.000	4.523	4.523	0.000
830.000	4.522	4.522	0.000
831.000	4.521	4.521	0.000
832.000	4.521	4.521	0.000
833.000	4.520	4.520	0.000
834.000	4.519	4.519	0.000
835.000	4.518	4.518	0.000
836.000	4.517	4.517	0.000
837.000	4.516	4.516	0.000
838.000	4.515	4.515	0.000
839.000	4.515	4.515	0.000
840.000	4.514	4.514	0.000
841.000	4.513	4.513	0.000
842.000	4.512	4.512	0.000
843.000	4.511	4.511	0.000
844.000	4.511	4.511	0.000
845.000	4.510	4.510	0.000
846.000	4.509	4.509	0.000
847.000	4.508	4.508	0.000
848.000	4.507	4.507	0.000
849.000	4.507	4.507	0.000
850.000	4.506	4.506	0.000
851.000	4.505	4.505	0.000
852.000	4.504	4.504	0.000
853.000	4.504	4.504	0.000
854.000	4.503	4.503	0.000
855.000	4.502	4.502	0.000
856.000	4.501	4.501	0.000
857.000	4.501	4.501	0.000
858.000	4.500	4.500	0.000
859.000	4.499	4.499	0.000
860.000	4.498	4.498	0.000
861.000	4.498	4.498	0.000
862.000	4.497	4.497	0.000
863.000	4.496	4.496	0.000
864.000	4.495	4.495	0.000
865.000	4.495	4.495	0.000
866.000	4.494	4.494	0.000
867.000	4.493	4.493	0.000
868.000	4.492	4.492	0.000
869.000	4.492	4.492	0.000
870.000	4.491	4.491	0.000
871.000	4.490	4.490	0.000
872.000	4.489	4.489	0.000
873.000	4.489	4.489	0.000
874.000	4.488	4.488	0.000
875.000	4.487	4.487	0.000
876.000	4.487	4.487	0.000
877.000	4.486	4.486	0.000
878.000	4.485	4.485	0.000
879.000	4.485	4.485	0.000
880.000	4.484	4.484	0.000
881.000	4.483	4.483	0.000
882.000	4.482	4.482	0.000
883.000	4.482	4.482	0.000
884.000	4.481	4.481	0.000
885.000	4.480	4.480	0.000
886.000	4.480	4.480	0.000
887.000	4.479	4.479	0.000
888.000	4.478	4.478	0.000
889.000	4.477	4.477	0.000
890.000	4.477	4.477	0.000
891.000	4.476	4.476	0.000
892.000	4.475	4.475	0.000
893.000	4.474	4.474	0.000
894.000	4.474	4.474	0.000
895.000	4.473	4.473	0.000
896.000	4.473	4.473	0.000
897.000	4.472	4.472	0.000
898.000	4.471	4.471	0.000
899.000	4.471	4.471	0.000
900.000	4.470	4.470	0.000
901.000	4.469	4.469	0.000
902.000	4.469	4.469	0.000
903.000	4.468	4.468	0.000
904.000	4.467	4.467	0.000
905.000	4.467	4.467	0.000
906.000	4.466	4.466	0.000
907.000	4.465	4.465	0.000
908.000	4.465	4.465	0.000
909.000	4.464	4.464	0.000
910.000	4.463	4.463	0.000
911.000	4.463	4.463	0.000
912.000	4.462	4.462	0.000
913.000	4.462	4.462	0.000
914.000	4.461	4.461	0.000
915.000	4.461	4.461	0.000
916.000	4.460	4.460	0.000
917.000	4.460	4.460	0.000
918.000	4.459	4.459	0.000
919.000	4.458	4.458	0.000
920.000	4.457	4.457	0.000
921.000	4.457	4.457	0.000
922.000	4.456	4.456	0.000
923.000	4.455	4.455	0.000
924.000	4.455	4.455	0.000
925.000	4.454	4.454	0.000
926.000	4.453	4.453	0.000
927.000	4.453	4.453	0.000
928.000	4.452	4.452	0.000
929.000	4.452	4.452	0.000
930.000	4.451	4.451	0.000
931.000	4.450	4.450	0.000
932.000	4.450	4.450	0.000
933.000	4.449	4.449	0.000
934.000	4.449	4.449	0.000
935.000	4.448	4.448	0.000
936.000	4.447	4.447	0.000
937.000	4.447	4.447	0.000
938.000	4.446	4.446	0.000
939.000	4.446	4.446	0.000
940.000	4.445	4.445	0.000
941.000	4.444	4.444	0.000
942.000	4.444	4.444	0.000
943.000	4.443	4.443	0.000
944.000	4.442	4.442	0.000
945.000	4.442	4.442	0.000
946.000	4.441	4.441	0.000
947.000	4.441	4.441	0.000
948.000	4.440	4.440	0.000
949.000	4.439	4.439	0.000
950.000	4.439	4.439	0.000
951.000	4.438	4.438	0.000
952.000	4.438	4.438	0.000
953.000	4.437	4.437	0.000
954.000	4.437	4.437	0.000
955.000	4.436	4.436	0.000
956.000	4.435	4.435	0.000
957.000	4.435	4.435	0.000
958.000	4.434	4.434	0.000
959.000	4.434	4.434	0.000
960.000	4.433	4.433	0.000
961.000	4.433	4.433	0.000
962.000	4.432	4.432	0.000
963.000	4.432	4.432	0.000
964.000	4.431	4.431	0.000
965.000	4.430	4.430	0.000
966.000	4.430	4.430	0.000
967.000	4.429	4.429	0.000
968.000	4.429	4.429	0.000
969.000	4.428	4.428	0.000
970.000	4.428	4.428	0.000
971.000	4.427	4.427	0.000
972.000	4.427	4.427	0.000
973.000	4.426	4.426	0.000
974.000	4.426	4.426	0.000
975.000	4.425	4.425	0.000
976.000	4.425	4.425	0.000
