37.000	0.000
0.000	0.000
1.000	0.000
2.000	0.000
3.000	0.000
4.000	0.000
5.000	0.000
6.000	0.000
7.000	0.000
8.000	0.000
9.000	0.000
10.000	0.000
11.000	0.000
12.000	0.000
13.000	0.000
14.000	0.000
15.000	0.000
16.000	0.000
17.000	0.000
18.000	0.000
19.000	0.000
20.000	0.000
21.000	0.000
22.000	0.000
23.000	0.000
24.000	0.000
25.000	0.000
26.000	0.000
27.000	0.000
28.000	0.000
29.000	0.000
30.000	0.000
31.000	298.442
32.000	298.438
33.000	298.442
34.000	298.437
35.000	298.441
36.000	298.445
37.000	298.439
38.000	298.450
39.000	298.440
40.000	298.440
41.000	298.442
42.000	298.451
43.000	298.447
44.000	298.450
45.000	298.453
46.000	298.449
47.000	298.454
48.000	298.450
49.000	298.454
50.000	298.458
51.000	298.454
52.000	298.457
53.000	298.460
54.000	298.458
55.000	298.459
56.000	298.458
57.000	298.457
58.000	298.466
59.000	298.465
60.000	298.467
61.000	298.463
62.000	298.471
63.000	298.466
64.000	298.465
65.000	298.462
66.000	298.469
67.000	298.470
68.000	298.472
69.000	298.474
70.000	298.470
71.000	298.481
72.000	298.475
73.000	298.479
74.000	298.468
75.000	298.465
76.000	298.474
77.000	298.479
78.000	298.479
79.000	298.476
80.000	298.481
81.000	298.479
82.000	298.484
83.000	298.486
84.000	298.486
85.000	298.483
86.000	298.479
87.000	298.491
88.000	298.480
89.000	298.486
90.000	298.489
91.000	298.487
92.000	298.493
93.000	298.490
94.000	298.489
95.000	298.492
96.000	298.493
